% time	cellId	IMSI	frame	sframe	RNTI	mcsTb1	sizeTb1	mcsTb2	sizeTb2	ccId
1.013	1	5	102	4	5	28	2196	0	0	0
1.015	1	1	102	6	1	28	2196	0	0	0
1.016	1	3	102	7	2	28	2196	0	0	0
1.017	1	6	102	8	3	28	2196	0	0	0
1.018	1	4	102	9	4	28	2196	0	0	0
1.019	1	2	102	10	6	28	2196	0	0	0
1.02	1	3	103	1	2	28	2196	0	0	0
1.021	1	4	103	2	4	28	2196	0	0	0
1.022	1	2	103	3	6	28	2196	0	0	0
1.023	1	1	103	4	1	28	2196	0	0	0
1.024	1	3	103	5	2	28	2196	0	0	0
1.025	1	4	103	6	4	28	2196	0	0	0
1.026	1	3	103	7	2	28	2196	0	0	0
1.027	1	4	103	8	4	28	2196	0	0	0
1.028	1	2	103	9	6	28	2196	0	0	0
1.029	1	3	103	10	2	28	2196	0	0	0
1.03	1	4	104	1	4	28	2196	0	0	0
1.031	1	3	104	2	2	28	2196	0	0	0
1.032	1	3	104	3	2	28	2196	0	0	0
1.033	1	1	104	4	1	28	2196	0	0	0
1.034	1	4	104	5	4	28	2196	0	0	0
1.035	1	4	104	6	4	28	2196	0	0	0
1.036	1	2	104	7	6	28	2196	0	0	0
1.037	1	3	104	8	2	28	2196	0	0	0
1.038	1	4	104	9	4	28	2196	0	0	0
1.039	1	3	104	10	2	28	2196	0	0	0
1.04	1	4	105	1	4	28	2196	0	0	0
1.041	1	3	105	2	2	28	2196	0	0	0
1.042	1	4	105	3	4	28	2196	0	0	0
1.043	1	1	105	4	1	28	2196	0	0	0
1.044	1	3	105	5	2	28	2196	0	0	0
1.045	1	4	105	6	4	28	2196	0	0	0
1.046	1	4	105	7	4	28	2196	0	0	0
1.047	1	4	105	8	4	28	2196	0	0	0
1.048	1	4	105	9	4	28	2196	0	0	0
1.049	1	4	105	10	4	28	2196	0	0	0
1.05	1	4	106	1	4	28	2196	0	0	0
1.051	1	4	106	2	4	28	2196	0	0	0
1.052	1	4	106	3	4	28	2196	0	0	0
1.053	1	2	106	4	6	28	2196	0	0	0
1.054	1	1	106	5	1	28	2196	0	0	0
1.055	1	3	106	6	2	28	2196	0	0	0
1.056	1	3	106	7	2	28	2196	0	0	0
1.057	1	3	106	8	2	28	2196	0	0	0
1.058	1	2	106	9	6	28	2196	0	0	0
1.059	1	3	106	10	2	28	2196	0	0	0
1.06	1	3	107	1	2	28	2196	0	0	0
1.061	1	3	107	2	2	28	2196	0	0	0
1.062	1	3	107	3	2	28	2196	0	0	0
1.063	1	1	107	4	1	28	2196	0	0	0
1.064	1	4	107	5	4	28	2196	0	0	0
1.065	1	3	107	6	2	28	2196	0	0	0
1.066	1	2	107	7	6	28	2196	0	0	0
1.067	1	4	107	8	4	28	2196	0	0	0
1.068	1	3	107	9	2	28	2196	0	0	0
1.069	1	4	107	10	4	28	2196	0	0	0
1.071	1	4	108	2	4	28	2196	0	0	0
1.072	1	3	108	3	2	28	2196	0	0	0
1.073	1	1	108	4	1	28	2196	0	0	0
1.074	1	3	108	5	2	28	2196	0	0	0
1.075	1	4	108	6	4	28	2196	0	0	0
1.076	1	4	108	7	4	28	2196	0	0	0
1.077	1	3	108	8	2	28	2196	0	0	0
1.078	1	4	108	9	4	28	2196	0	0	0
1.079	1	2	108	10	6	28	2196	0	0	0
1.08	1	3	109	1	2	28	2196	0	0	0
1.081	1	3	109	2	2	28	2196	0	0	0
1.082	1	4	109	3	4	28	2196	0	0	0
1.083	1	1	109	4	1	28	2196	0	0	0
1.084	1	3	109	5	2	28	2196	0	0	0
1.085	1	4	109	6	4	28	2196	0	0	0
1.086	1	2	109	7	6	28	2196	0	0	0
1.087	1	3	109	8	2	28	2196	0	0	0
1.088	1	3	109	9	2	28	2196	0	0	0
1.089	1	3	109	10	2	28	2196	0	0	0
1.09	1	3	110	1	2	28	2196	0	0	0
1.091	1	3	110	2	2	28	2196	0	0	0
1.092	1	4	110	3	4	28	2196	0	0	0
1.093	1	1	110	4	1	28	2196	0	0	0
1.094	1	4	110	5	4	28	2196	0	0	0
1.095	1	3	110	6	2	28	2196	0	0	0
1.1	1	4	111	1	4	28	2196	0	0	0
1.102	1	4	111	3	4	28	2196	0	0	0
1.103	1	1	111	4	1	28	2196	0	0	0
1.104	1	2	111	5	6	28	2196	0	0	0
1.105	1	4	111	6	4	28	2196	0	0	0
1.106	1	3	111	7	2	28	2196	0	0	0
1.107	1	4	111	8	4	28	2196	0	0	0
1.108	1	3	111	9	2	28	2196	0	0	0
1.109	1	3	111	10	2	28	2196	0	0	0
1.11	1	4	112	1	4	28	2196	0	0	0
1.112	1	2	112	3	6	28	2196	0	0	0
1.113	1	1	112	4	1	28	2196	0	0	0
1.114	1	4	112	5	4	28	2196	0	0	0
1.115	1	4	112	6	4	28	2196	0	0	0
1.116	1	3	112	7	2	28	2196	0	0	0
1.117	1	4	112	8	4	28	2196	0	0	0
1.118	1	3	112	9	2	28	2196	0	0	0
1.119	1	2	112	10	6	28	2196	0	0	0
1.12	1	3	113	1	2	28	2196	0	0	0
1.121	1	3	113	2	2	28	2196	0	0	0
1.122	1	4	113	3	4	28	2196	0	0	0
1.123	1	1	113	4	1	28	2196	0	0	0
1.124	1	4	113	5	4	28	2196	0	0	0
1.125	1	3	113	6	2	28	2196	0	0	0
1.126	1	2	113	7	6	28	2196	0	0	0
1.127	1	4	113	8	4	28	2196	0	0	0
1.128	1	3	113	9	2	28	2196	0	0	0
1.129	1	4	113	10	4	28	2196	0	0	0
1.13	1	3	114	1	2	28	2196	0	0	0
1.131	1	4	114	2	4	28	2196	0	0	0
1.132	1	3	114	3	2	28	2196	0	0	0
1.133	1	1	114	4	1	28	2196	0	0	0
1.134	1	4	114	5	4	28	2196	0	0	0
1.135	1	3	114	6	2	28	2196	0	0	0
1.136	1	4	114	7	4	28	2196	0	0	0
1.137	1	4	114	8	4	28	2196	0	0	0
1.138	1	4	114	9	4	28	2196	0	0	0
1.139	1	4	114	10	4	28	2196	0	0	0
1.14	1	4	115	1	4	28	2196	0	0	0
1.141	1	4	115	2	4	28	2196	0	0	0
1.143	1	2	115	4	6	28	2196	0	0	0
1.144	1	1	115	5	1	28	2196	0	0	0
1.145	1	3	115	6	2	28	2196	0	0	0
1.146	1	3	115	7	2	28	2196	0	0	0
1.147	1	3	115	8	2	28	2196	0	0	0
1.148	1	3	115	9	2	28	2196	0	0	0
1.149	1	2	115	10	6	28	2196	0	0	0
1.15	1	3	116	1	2	28	2196	0	0	0
1.151	1	4	116	2	4	28	2196	0	0	0
1.152	1	3	116	3	2	28	2196	0	0	0
1.153	1	1	116	4	1	28	2196	0	0	0
1.154	1	4	116	5	4	28	2196	0	0	0
1.155	1	2	116	6	6	28	2196	0	0	0
1.156	1	3	116	7	2	28	2196	0	0	0
1.157	1	4	116	8	4	28	2196	0	0	0
1.158	1	3	116	9	2	28	2196	0	0	0
1.159	1	4	116	10	4	28	2196	0	0	0
1.16	1	3	117	1	2	28	2196	0	0	0
1.161	1	4	117	2	4	28	2196	0	0	0
1.162	1	3	117	3	2	28	2196	0	0	0
1.163	1	1	117	4	1	28	2196	0	0	0
1.164	1	4	117	5	4	28	2196	0	0	0
1.165	1	3	117	6	2	28	2196	0	0	0
1.167	1	4	117	8	4	28	2196	0	0	0
1.168	1	4	117	9	4	28	2196	0	0	0
1.171	1	4	118	2	4	28	2196	0	0	0
1.173	1	2	118	4	6	28	2196	0	0	0
1.174	1	1	118	5	1	28	2196	0	0	0
1.175	1	3	118	6	2	28	2196	0	0	0
1.176	1	3	118	7	2	28	2196	0	0	0
1.177	1	2	118	8	6	28	2196	0	0	0
1.178	1	3	118	9	2	28	2196	0	0	0
1.179	1	4	118	10	4	28	2196	0	0	0
1.18	1	3	119	1	2	28	2196	0	0	0
1.181	1	3	119	2	2	28	2196	0	0	0
1.182	1	4	119	3	4	28	2196	0	0	0
1.183	1	1	119	4	1	28	2196	0	0	0
1.184	1	3	119	5	2	28	2196	0	0	0
1.185	1	4	119	6	4	28	2196	0	0	0
1.186	1	2	119	7	6	28	2196	0	0	0
1.187	1	4	119	8	4	28	2196	0	0	0
1.188	1	3	119	9	2	28	2196	0	0	0
1.189	1	4	119	10	4	28	2196	0	0	0
1.19	1	4	120	1	4	28	2196	0	0	0
1.191	1	4	120	2	4	28	2196	0	0	0
1.192	1	3	120	3	2	28	2196	0	0	0
1.193	1	1	120	4	1	28	2196	0	0	0
1.194	1	3	120	5	2	28	2196	0	0	0
1.195	1	3	120	6	2	28	2196	0	0	0
1.196	1	4	120	7	4	28	2196	0	0	0
1.197	1	3	120	8	2	28	2196	0	0	0
1.198	1	4	120	9	4	28	2196	0	0	0
1.2	1	2	121	1	6	28	2196	0	0	0
1.201	1	3	121	2	2	28	2196	0	0	0
1.202	1	3	121	3	2	28	2196	0	0	0
1.203	1	1	121	4	1	28	2196	0	0	0
1.204	1	3	121	5	2	28	2196	0	0	0
1.205	1	2	121	6	6	28	2196	0	0	0
1.206	1	3	121	7	2	28	2196	0	0	0
1.207	1	4	121	8	4	28	2196	0	0	0
1.208	1	4	121	9	4	28	2196	0	0	0
1.209	1	3	121	10	2	28	2196	0	0	0
1.211	1	4	122	2	4	28	2196	0	0	0
1.212	1	3	122	3	2	28	2196	0	0	0
1.213	1	1	122	4	1	28	2196	0	0	0
1.214	1	4	122	5	4	28	2196	0	0	0
1.215	1	4	122	6	4	28	2196	0	0	0
1.216	1	4	122	7	4	28	2196	0	0	0
1.217	1	3	122	8	2	28	2196	0	0	0
1.218	1	3	122	9	2	28	2196	0	0	0
1.219	1	3	122	10	2	28	2196	0	0	0
1.22	1	2	123	1	6	28	2196	0	0	0
1.221	1	4	123	2	4	28	2196	0	0	0
1.222	1	4	123	3	4	28	2196	0	0	0
1.223	1	1	123	4	1	28	2196	0	0	0
1.224	1	4	123	5	4	28	2196	0	0	0
1.225	1	3	123	6	2	28	2196	0	0	0
1.226	1	4	123	7	4	28	2196	0	0	0
1.227	1	2	123	8	6	28	2196	0	0	0
1.228	1	3	123	9	2	28	2196	0	0	0
1.229	1	4	123	10	4	28	2196	0	0	0
1.23	1	3	124	1	2	28	2196	0	0	0
1.231	1	4	124	2	4	28	2196	0	0	0
1.232	1	3	124	3	2	28	2196	0	0	0
1.233	1	1	124	4	1	28	2196	0	0	0
1.234	1	4	124	5	4	28	2196	0	0	0
1.235	1	3	124	6	2	28	2196	0	0	0
1.236	1	2	124	7	6	28	2196	0	0	0
1.237	1	4	124	8	4	28	2196	0	0	0
1.238	1	3	124	9	2	28	2196	0	0	0
1.239	1	4	124	10	4	28	2196	0	0	0
1.24	1	4	125	1	4	28	2196	0	0	0
1.242	1	3	125	3	2	28	2196	0	0	0
1.243	1	1	125	4	1	28	2196	0	0	0
1.244	1	3	125	5	2	28	2196	0	0	0
1.245	1	4	125	6	4	28	2196	0	0	0
1.246	1	3	125	7	2	28	2196	0	0	0
1.247	1	2	125	8	6	28	2196	0	0	0
1.248	1	3	125	9	2	28	2196	0	0	0
1.249	1	3	125	10	2	28	2196	0	0	0
1.25	1	4	126	1	4	28	2196	0	0	0
1.251	1	3	126	2	2	28	2196	0	0	0
1.252	1	3	126	3	2	28	2196	0	0	0
1.253	1	1	126	4	1	28	2196	0	0	0
1.254	1	3	126	5	2	28	2196	0	0	0
1.255	1	4	126	6	4	28	2196	0	0	0
1.259	1	4	126	10	4	28	2196	0	0	0
1.26	1	4	127	1	4	28	2196	0	0	0
1.261	1	4	127	2	4	28	2196	0	0	0
1.262	1	2	127	3	6	28	2196	0	0	0
1.263	1	1	127	4	1	28	2196	0	0	0
1.264	1	3	127	5	2	28	2196	0	0	0
1.265	1	4	127	6	4	28	2196	0	0	0
1.266	1	3	127	7	2	28	2196	0	0	0
1.267	1	4	127	8	4	28	2196	0	0	0
1.268	1	3	127	9	2	28	2196	0	0	0
1.269	1	2	127	10	6	28	2196	0	0	0
1.27	1	3	128	1	2	28	2196	0	0	0
1.271	1	4	128	2	4	28	2196	0	0	0
1.272	1	4	128	3	4	28	2196	0	0	0
1.273	1	1	128	4	1	28	2196	0	0	0
1.274	1	3	128	5	2	28	2196	0	0	0
1.275	1	4	128	6	4	28	2196	0	0	0
1.276	1	2	128	7	6	28	2196	0	0	0
1.277	1	3	128	8	2	28	2196	0	0	0
1.278	1	4	128	9	4	28	2196	0	0	0
1.279	1	3	128	10	2	28	2196	0	0	0
1.28	1	4	129	1	4	28	2196	0	0	0
1.281	1	3	129	2	2	28	2196	0	0	0
1.282	1	3	129	3	2	28	2196	0	0	0
1.283	1	1	129	4	1	28	2196	0	0	0
1.284	1	4	129	5	4	28	2196	0	0	0
1.285	1	3	129	6	2	28	2196	0	0	0
1.287	1	2	129	8	6	28	2196	0	0	0
1.288	1	4	129	9	4	28	2196	0	0	0
1.289	1	4	129	10	4	28	2196	0	0	0
1.29	1	3	130	1	2	28	2196	0	0	0
1.292	1	4	130	3	4	28	2196	0	0	0
1.293	1	1	130	4	1	28	2196	0	0	0
1.294	1	3	130	5	2	28	2196	0	0	0
1.295	1	4	130	6	4	28	2196	0	0	0
1.296	1	3	130	7	2	28	2196	0	0	0
1.297	1	3	130	8	2	28	2196	0	0	0
1.298	1	4	130	9	4	28	2196	0	0	0
1.299	1	2	130	10	6	28	2196	0	0	0
1.3	1	4	131	1	4	28	2196	0	0	0
1.301	1	3	131	2	2	28	2196	0	0	0
1.302	1	3	131	3	2	28	2196	0	0	0
1.303	1	1	131	4	1	28	2196	0	0	0
1.304	1	4	131	5	4	28	2196	0	0	0
1.305	1	3	131	6	2	28	2196	0	0	0
1.306	1	2	131	7	6	28	2196	0	0	0
1.307	1	4	131	8	4	28	2196	0	0	0
1.308	1	3	131	9	2	28	2196	0	0	0
1.309	1	3	131	10	2	28	2196	0	0	0
1.31	1	4	132	1	4	28	2196	0	0	0
1.311	1	4	132	2	4	28	2196	0	0	0
1.312	1	3	132	3	2	28	2196	0	0	0
1.313	1	1	132	4	1	28	2196	0	0	0
1.314	1	4	132	5	4	28	2196	0	0	0
1.315	1	3	132	6	2	28	2196	0	0	0
1.316	1	4	132	7	4	28	2196	0	0	0
1.318	1	4	132	9	4	28	2196	0	0	0
1.319	1	4	132	10	4	28	2196	0	0	0
1.32	1	4	133	1	4	28	2196	0	0	0
1.321	1	4	133	2	4	28	2196	0	0	0
1.322	1	2	133	3	6	28	2196	0	0	0
1.323	1	1	133	4	1	28	2196	0	0	0
1.324	1	3	133	5	2	28	2196	0	0	0
1.325	1	3	133	6	2	28	2196	0	0	0
1.326	1	3	133	7	2	28	2196	0	0	0
1.327	1	3	133	8	2	28	2196	0	0	0
1.328	1	4	133	9	4	28	2196	0	0	0
1.329	1	2	133	10	6	28	2196	0	0	0
1.33	1	3	134	1	2	28	2196	0	0	0
1.331	1	3	134	2	2	28	2196	0	0	0
1.332	1	4	134	3	4	28	2196	0	0	0
1.333	1	1	134	4	1	28	2196	0	0	0
1.334	1	4	134	5	4	28	2196	0	0	0
1.335	1	3	134	6	2	28	2196	0	0	0
1.336	1	3	134	7	2	28	2196	0	0	0
1.337	1	4	134	8	4	28	2196	0	0	0
1.338	1	2	134	9	6	28	2196	0	0	0
1.339	1	4	134	10	4	28	2196	0	0	0
1.34	1	3	135	1	2	28	2196	0	0	0
1.341	1	4	135	2	4	28	2196	0	0	0
1.342	1	3	135	3	2	28	2196	0	0	0
1.343	1	1	135	4	1	28	2196	0	0	0
1.344	1	4	135	5	4	28	2196	0	0	0
1.345	1	3	135	6	2	28	2196	0	0	0
1.346	1	2	135	7	6	28	2196	0	0	0
1.347	1	4	135	8	4	28	2196	0	0	0
1.348	1	3	135	9	2	28	2196	0	0	0
1.349	1	4	135	10	4	28	2196	0	0	0
1.352	1	3	136	3	2	28	2196	0	0	0
1.353	1	1	136	4	1	28	2196	0	0	0
1.354	1	3	136	5	2	28	2196	0	0	0
1.355	1	4	136	6	4	28	2196	0	0	0
1.356	1	4	136	7	4	28	2196	0	0	0
1.357	1	3	136	8	2	28	2196	0	0	0
1.358	1	4	136	9	4	28	2196	0	0	0
1.359	1	2	136	10	6	28	2196	0	0	0
1.36	1	3	137	1	2	28	2196	0	0	0
1.362	1	4	137	3	4	28	2196	0	0	0
1.363	1	1	137	4	1	28	2196	0	0	0
1.364	1	3	137	5	2	28	2196	0	0	0
1.365	1	4	137	6	4	28	2196	0	0	0
1.366	1	3	137	7	2	28	2196	0	0	0
1.367	1	2	137	8	6	28	2196	0	0	0
1.368	1	3	137	9	2	28	2196	0	0	0
1.369	1	4	137	10	4	28	2196	0	0	0
1.37	1	3	138	1	2	28	2196	0	0	0
1.371	1	3	138	2	2	28	2196	0	0	0
1.372	1	4	138	3	4	28	2196	0	0	0
1.373	1	1	138	4	1	28	2196	0	0	0
1.374	1	3	138	5	2	28	2196	0	0	0
1.376	1	4	138	7	4	28	2196	0	0	0
1.377	1	4	138	8	4	28	2196	0	0	0
1.378	1	4	138	9	4	28	2196	0	0	0
1.379	1	3	138	10	2	28	2196	0	0	0
1.38	1	4	139	1	4	28	2196	0	0	0
1.381	1	4	139	2	4	28	2196	0	0	0
1.382	1	4	139	3	4	28	2196	0	0	0
1.383	1	2	139	4	6	28	2196	0	0	0
1.384	1	1	139	5	1	28	2196	0	0	0
1.385	1	3	139	6	2	28	2196	0	0	0
1.386	1	3	139	7	2	28	2196	0	0	0
1.387	1	3	139	8	2	28	2196	0	0	0
1.388	1	4	139	9	4	28	2196	0	0	0
1.389	1	3	139	10	2	28	2196	0	0	0
1.39	1	2	140	1	6	28	2196	0	0	0
1.391	1	4	140	2	4	28	2196	0	0	0
1.392	1	3	140	3	2	28	2196	0	0	0
1.393	1	1	140	4	1	28	2196	0	0	0
1.394	1	4	140	5	4	28	2196	0	0	0
1.395	1	3	140	6	2	28	2196	0	0	0
1.396	1	4	140	7	4	28	2196	0	0	0
1.397	1	2	140	8	6	28	2196	0	0	0
1.398	1	3	140	9	2	28	2196	0	0	0
1.399	1	4	140	10	4	28	2196	0	0	0
1.4	1	3	141	1	2	28	2196	0	0	0
1.401	1	4	141	2	4	28	2196	0	0	0
1.402	1	3	141	3	2	28	2196	0	0	0
1.403	1	1	141	4	1	28	2196	0	0	0
1.404	1	4	141	5	4	28	2196	0	0	0
1.405	1	3	141	6	2	28	2196	0	0	0
1.406	1	2	141	7	6	28	2196	0	0	0
1.407	1	4	141	8	4	28	2196	0	0	0
1.408	1	3	141	9	2	28	2196	0	0	0
1.41	1	4	142	1	4	28	2196	0	0	0
1.412	1	3	142	3	2	28	2196	0	0	0
1.413	1	1	142	4	1	28	2196	0	0	0
1.414	1	4	142	5	4	28	2196	0	0	0
1.415	1	3	142	6	2	28	2196	0	0	0
1.416	1	3	142	7	2	28	2196	0	0	0
1.418	1	2	142	9	6	28	2196	0	0	0
1.419	1	3	142	10	2	28	2196	0	0	0
1.42	1	3	143	1	2	28	2196	0	0	0
1.421	1	3	143	2	2	28	2196	0	0	0
1.422	1	4	143	3	4	28	2196	0	0	0
1.423	1	1	143	4	1	28	2196	0	0	0
1.424	1	4	143	5	4	28	2196	0	0	0
1.425	1	4	143	6	4	28	2196	0	0	0
1.426	1	2	143	7	6	28	2196	0	0	0
1.427	1	4	143	8	4	28	2196	0	0	0
1.428	1	4	143	9	4	28	2196	0	0	0
1.429	1	3	143	10	2	28	2196	0	0	0
1.43	1	3	144	1	2	28	2196	0	0	0
1.431	1	4	144	2	4	28	2196	0	0	0
1.432	1	4	144	3	4	28	2196	0	0	0
1.433	1	1	144	4	1	28	2196	0	0	0
1.434	1	3	144	5	2	28	2196	0	0	0
1.435	1	4	144	6	4	28	2196	0	0	0
1.436	1	2	144	7	6	28	2196	0	0	0
1.437	1	3	144	8	2	28	2196	0	0	0
1.438	1	3	144	9	2	28	2196	0	0	0
1.439	1	4	144	10	4	28	2196	0	0	0
1.44	1	4	145	1	4	28	2196	0	0	0
1.441	1	3	145	2	2	28	2196	0	0	0
1.442	1	4	145	3	4	28	2196	0	0	0
1.443	1	1	145	4	1	28	2196	0	0	0
1.444	1	3	145	5	2	28	2196	0	0	0
1.445	1	4	145	6	4	28	2196	0	0	0
1.446	1	4	145	7	4	28	2196	0	0	0
1.447	1	4	145	8	4	28	2196	0	0	0
1.448	1	4	145	9	4	28	2196	0	0	0
1.452	1	2	146	3	6	28	2196	0	0	0
1.453	1	1	146	4	1	28	2196	0	0	0
1.454	1	3	146	5	2	28	2196	0	0	0
1.455	1	3	146	6	2	28	2196	0	0	0
1.456	1	3	146	7	2	28	2196	0	0	0
1.457	1	3	146	8	2	28	2196	0	0	0
1.458	1	4	146	9	4	28	2196	0	0	0
1.459	1	2	146	10	6	28	2196	0	0	0
1.46	1	3	147	1	2	28	2196	0	0	0
1.461	1	4	147	2	4	28	2196	0	0	0
1.462	1	3	147	3	2	28	2196	0	0	0
1.463	1	1	147	4	1	28	2196	0	0	0
1.464	1	4	147	5	4	28	2196	0	0	0
1.465	1	3	147	6	2	28	2196	0	0	0
1.466	1	4	147	7	4	28	2196	0	0	0
1.467	1	2	147	8	6	28	2196	0	0	0
1.468	1	3	147	9	2	28	2196	0	0	0
1.469	1	3	147	10	2	28	2196	0	0	0
1.47	1	3	148	1	2	28	2196	0	0	0
1.472	1	3	148	3	2	28	2196	0	0	0
1.473	1	1	148	4	1	28	2196	0	0	0
1.474	1	4	148	5	4	28	2196	0	0	0
1.475	1	3	148	6	2	28	2196	0	0	0
1.476	1	2	148	7	6	28	2196	0	0	0
1.477	1	3	148	8	2	28	2196	0	0	0
1.478	1	4	148	9	4	28	2196	0	0	0
1.479	1	4	148	10	4	28	2196	0	0	0
1.48	1	4	149	1	4	28	2196	0	0	0
1.481	1	3	149	2	2	28	2196	0	0	0
1.482	1	3	149	3	2	28	2196	0	0	0
1.483	1	1	149	4	1	28	2196	0	0	0
1.484	1	4	149	5	4	28	2196	0	0	0
1.485	1	4	149	6	4	28	2196	0	0	0
1.486	1	2	149	7	6	28	2196	0	0	0
1.487	1	4	149	8	4	28	2196	0	0	0
1.488	1	3	149	9	2	28	2196	0	0	0
1.489	1	3	149	10	2	28	2196	0	0	0
1.49	1	4	150	1	4	28	2196	0	0	0
1.491	1	4	150	2	4	28	2196	0	0	0
1.492	1	4	150	3	4	28	2196	0	0	0
1.493	1	1	150	4	1	28	2196	0	0	0
1.494	1	3	150	5	2	28	2196	0	0	0
1.495	1	4	150	6	4	28	2196	0	0	0
1.496	1	4	150	7	4	28	2196	0	0	0
1.497	1	3	150	8	2	28	2196	0	0	0
1.498	1	4	150	9	4	28	2196	0	0	0
1.499	1	2	150	10	6	28	2196	0	0	0
1.5	1	3	151	1	2	28	2196	0	0	0
1.501	1	3	151	2	2	28	2196	0	0	0
1.502	1	4	151	3	4	28	2196	0	0	0
1.503	1	1	151	4	1	28	2196	0	0	0
1.504	1	3	151	5	2	28	2196	0	0	0
1.505	1	4	151	6	4	28	2196	0	0	0
1.506	1	2	151	7	6	28	2196	0	0	0
1.507	1	3	151	8	2	28	2196	0	0	0
1.508	1	4	151	9	4	28	2196	0	0	0
1.509	1	3	151	10	2	28	2196	0	0	0
1.51	1	4	152	1	4	28	2196	0	0	0
1.511	1	3	152	2	2	28	2196	0	0	0
1.512	1	4	152	3	4	28	2196	0	0	0
1.513	1	1	152	4	1	28	2196	0	0	0
1.514	1	3	152	5	2	28	2196	0	0	0
1.515	1	4	152	6	4	28	2196	0	0	0
1.516	1	4	152	7	4	28	2196	0	0	0
1.518	1	4	152	9	4	28	2196	0	0	0
1.519	1	4	152	10	4	28	2196	0	0	0
1.522	1	4	153	3	4	28	2196	0	0	0
1.523	1	2	153	4	6	28	2196	0	0	0
1.524	1	1	153	5	1	28	2196	0	0	0
1.525	1	3	153	6	2	28	2196	0	0	0
1.526	1	3	153	7	2	28	2196	0	0	0
1.527	1	3	153	8	2	28	2196	0	0	0
1.528	1	2	153	9	6	28	2196	0	0	0
1.529	1	3	153	10	2	28	2196	0	0	0
1.53	1	3	154	1	2	28	2196	0	0	0
1.531	1	4	154	2	4	28	2196	0	0	0
1.532	1	3	154	3	2	28	2196	0	0	0
1.533	1	1	154	4	1	28	2196	0	0	0
1.534	1	4	154	5	4	28	2196	0	0	0
1.535	1	3	154	6	2	28	2196	0	0	0
1.536	1	2	154	7	6	28	2196	0	0	0
1.537	1	4	154	8	4	28	2196	0	0	0
1.538	1	3	154	9	2	28	2196	0	0	0
1.54	1	4	155	1	4	28	2196	0	0	0
1.541	1	4	155	2	4	28	2196	0	0	0
1.542	1	3	155	3	2	28	2196	0	0	0
1.543	1	1	155	4	1	28	2196	0	0	0
1.544	1	3	155	5	2	28	2196	0	0	0
1.545	1	4	155	6	4	28	2196	0	0	0
1.546	1	3	155	7	2	28	2196	0	0	0
1.547	1	4	155	8	4	28	2196	0	0	0
1.548	1	2	155	9	6	28	2196	0	0	0
1.549	1	3	155	10	2	28	2196	0	0	0
1.55	1	4	156	1	4	28	2196	0	0	0
1.551	1	3	156	2	2	28	2196	0	0	0
1.552	1	3	156	3	2	28	2196	0	0	0
1.553	1	1	156	4	1	28	2196	0	0	0
1.554	1	3	156	5	2	28	2196	0	0	0
1.555	1	3	156	6	2	28	2196	0	0	0
1.556	1	2	156	7	6	28	2196	0	0	0
1.557	1	4	156	8	4	28	2196	0	0	0
1.558	1	4	156	9	4	28	2196	0	0	0
1.559	1	4	156	10	4	28	2196	0	0	0
1.56	1	4	157	1	4	28	2196	0	0	0
1.561	1	3	157	2	2	28	2196	0	0	0
1.562	1	4	157	3	4	28	2196	0	0	0
1.563	1	1	157	4	1	28	2196	0	0	0
1.564	1	3	157	5	2	28	2196	0	0	0
1.565	1	4	157	6	4	28	2196	0	0	0
1.566	1	3	157	7	2	28	2196	0	0	0
1.568	1	4	157	9	4	28	2196	0	0	0
1.573	1	2	158	4	6	28	2196	0	0	0
1.574	1	1	158	5	1	28	2196	0	0	0
1.575	1	3	158	6	2	28	2196	0	0	0
1.576	1	4	158	7	4	28	2196	0	0	0
1.577	1	3	158	8	2	28	2196	0	0	0
1.578	1	3	158	9	2	28	2196	0	0	0
1.579	1	4	158	10	4	28	2196	0	0	0
1.58	1	2	159	1	6	28	2196	0	0	0
1.581	1	4	159	2	4	28	2196	0	0	0
1.582	1	3	159	3	2	28	2196	0	0	0
1.583	1	1	159	4	1	28	2196	0	0	0
1.584	1	3	159	5	2	28	2196	0	0	0
1.585	1	3	159	6	2	28	2196	0	0	0
1.586	1	3	159	7	2	28	2196	0	0	0
1.587	1	2	159	8	6	28	2196	0	0	0
1.588	1	4	159	9	4	28	2196	0	0	0
1.589	1	4	159	10	4	28	2196	0	0	0
1.59	1	3	160	1	2	28	2196	0	0	0
1.591	1	4	160	2	4	28	2196	0	0	0
1.592	1	3	160	3	2	28	2196	0	0	0
1.593	1	1	160	4	1	28	2196	0	0	0
1.594	1	4	160	5	4	28	2196	0	0	0
1.595	1	4	160	6	4	28	2196	0	0	0
1.596	1	2	160	7	6	28	2196	0	0	0
1.597	1	3	160	8	2	28	2196	0	0	0
1.598	1	3	160	9	2	28	2196	0	0	0
1.602	1	4	161	3	4	28	2196	0	0	0
1.603	1	1	161	4	1	28	2196	0	0	0
1.604	1	3	161	5	2	28	2196	0	0	0
1.605	1	4	161	6	4	28	2196	0	0	0
1.606	1	3	161	7	2	28	2196	0	0	0
1.607	1	3	161	8	2	28	2196	0	0	0
1.608	1	2	161	9	6	28	2196	0	0	0
1.61	1	3	162	1	2	28	2196	0	0	0
1.611	1	3	162	2	2	28	2196	0	0	0
1.612	1	4	162	3	4	28	2196	0	0	0
1.613	1	1	162	4	1	28	2196	0	0	0
1.614	1	4	162	5	4	28	2196	0	0	0
1.615	1	4	162	6	4	28	2196	0	0	0
1.616	1	2	162	7	6	28	2196	0	0	0
1.617	1	3	162	8	2	28	2196	0	0	0
1.618	1	3	162	9	2	28	2196	0	0	0
1.619	1	3	162	10	2	28	2196	0	0	0
1.62	1	4	163	1	4	28	2196	0	0	0
1.621	1	3	163	2	2	28	2196	0	0	0
1.622	1	3	163	3	2	28	2196	0	0	0
1.623	1	1	163	4	1	28	2196	0	0	0
1.624	1	4	163	5	4	28	2196	0	0	0
1.625	1	3	163	6	2	28	2196	0	0	0
1.626	1	4	163	7	4	28	2196	0	0	0
1.627	1	4	163	8	4	28	2196	0	0	0
1.628	1	4	163	9	4	28	2196	0	0	0
1.629	1	4	163	10	4	28	2196	0	0	0
1.63	1	4	164	1	4	28	2196	0	0	0
1.631	1	4	164	2	4	28	2196	0	0	0
1.632	1	2	164	3	6	28	2196	0	0	0
1.633	1	1	164	4	1	28	2196	0	0	0
1.634	1	3	164	5	2	28	2196	0	0	0
1.635	1	4	164	6	4	28	2196	0	0	0
1.636	1	3	164	7	2	28	2196	0	0	0
1.637	1	4	164	8	4	28	2196	0	0	0
1.638	1	3	164	9	2	28	2196	0	0	0
1.639	1	2	164	10	6	28	2196	0	0	0
1.64	1	4	165	1	4	28	2196	0	0	0
1.641	1	3	165	2	2	28	2196	0	0	0
1.642	1	4	165	3	4	28	2196	0	0	0
1.643	1	1	165	4	1	28	2196	0	0	0
1.644	1	3	165	5	2	28	2196	0	0	0
1.645	1	4	165	6	4	28	2196	0	0	0
1.646	1	3	165	7	2	28	2196	0	0	0
1.647	1	2	165	8	6	28	2196	0	0	0
1.648	1	4	165	9	4	28	2196	0	0	0
1.649	1	3	165	10	2	28	2196	0	0	0
1.65	1	4	166	1	4	28	2196	0	0	0
1.651	1	3	166	2	2	28	2196	0	0	0
1.652	1	4	166	3	4	28	2196	0	0	0
1.653	1	1	166	4	1	28	2196	0	0	0
1.654	1	3	166	5	2	28	2196	0	0	0
1.655	1	4	166	6	4	28	2196	0	0	0
1.656	1	2	166	7	6	28	2196	0	0	0
1.657	1	3	166	8	2	28	2196	0	0	0
1.659	1	4	166	10	4	28	2196	0	0	0
1.66	1	4	167	1	4	28	2196	0	0	0
1.661	1	4	167	2	4	28	2196	0	0	0
1.662	1	3	167	3	2	28	2196	0	0	0
1.663	1	1	167	4	1	28	2196	0	0	0
1.664	1	3	167	5	2	28	2196	0	0	0
1.665	1	3	167	6	2	28	2196	0	0	0
1.666	1	4	167	7	4	28	2196	0	0	0
1.667	1	3	167	8	2	28	2196	0	0	0
1.668	1	2	167	9	6	28	2196	0	0	0
1.669	1	3	167	10	2	28	2196	0	0	0
1.67	1	4	168	1	4	28	2196	0	0	0
1.671	1	3	168	2	2	28	2196	0	0	0
1.672	1	4	168	3	4	28	2196	0	0	0
1.673	1	1	168	4	1	28	2196	0	0	0
1.674	1	4	168	5	4	28	2196	0	0	0
1.675	1	3	168	6	2	28	2196	0	0	0
1.676	1	2	168	7	6	28	2196	0	0	0
1.677	1	4	168	8	4	28	2196	0	0	0
1.678	1	3	168	9	2	28	2196	0	0	0
1.682	1	4	169	3	4	28	2196	0	0	0
1.683	1	1	169	4	1	28	2196	0	0	0
1.684	1	3	169	5	2	28	2196	0	0	0
1.685	1	4	169	6	4	28	2196	0	0	0
1.686	1	3	169	7	2	28	2196	0	0	0
1.687	1	4	169	8	4	28	2196	0	0	0
1.688	1	2	169	9	6	28	2196	0	0	0
1.689	1	3	169	10	2	28	2196	0	0	0
1.69	1	3	170	1	2	28	2196	0	0	0
1.691	1	4	170	2	4	28	2196	0	0	0
1.692	1	4	170	3	4	28	2196	0	0	0
1.693	1	1	170	4	1	28	2196	0	0	0
1.694	1	3	170	5	2	28	2196	0	0	0
1.695	1	4	170	6	4	28	2196	0	0	0
1.696	1	2	170	7	6	28	2196	0	0	0
1.697	1	3	170	8	2	28	2196	0	0	0
1.698	1	3	170	9	2	28	2196	0	0	0
1.699	1	4	170	10	4	28	2196	0	0	0
1.7	1	4	171	1	4	28	2196	0	0	0
1.701	1	4	171	2	4	28	2196	0	0	0
1.702	1	3	171	3	2	28	2196	0	0	0
1.703	1	1	171	4	1	28	2196	0	0	0
1.704	1	3	171	5	2	28	2196	0	0	0
1.705	1	4	171	6	4	28	2196	0	0	0
1.706	1	4	171	7	4	28	2196	0	0	0
1.707	1	3	171	8	2	28	2196	0	0	0
1.708	1	3	171	9	2	28	2196	0	0	0
1.709	1	2	171	10	6	28	2196	0	0	0
1.71	1	4	172	1	4	28	2196	0	0	0
1.711	1	3	172	2	2	28	2196	0	0	0
1.712	1	4	172	3	4	28	2196	0	0	0
1.713	1	1	172	4	1	28	2196	0	0	0
1.714	1	3	172	5	2	28	2196	0	0	0
1.715	1	4	172	6	4	28	2196	0	0	0
1.716	1	3	172	7	2	28	2196	0	0	0
1.717	1	2	172	8	6	28	2196	0	0	0
1.718	1	4	172	9	4	28	2196	0	0	0
1.719	1	3	172	10	2	28	2196	0	0	0
1.72	1	4	173	1	4	28	2196	0	0	0
1.721	1	3	173	2	2	28	2196	0	0	0
1.722	1	4	173	3	4	28	2196	0	0	0
1.723	1	1	173	4	1	28	2196	0	0	0
1.724	1	3	173	5	2	28	2196	0	0	0
1.725	1	4	173	6	4	28	2196	0	0	0
1.726	1	2	173	7	6	28	2196	0	0	0
1.727	1	3	173	8	2	28	2196	0	0	0
1.728	1	4	173	9	4	28	2196	0	0	0
1.729	1	4	173	10	4	28	2196	0	0	0
1.73	1	4	174	1	4	28	2196	0	0	0
1.731	1	3	174	2	2	28	2196	0	0	0
1.732	1	3	174	3	2	28	2196	0	0	0
1.733	1	1	174	4	1	28	2196	0	0	0
1.734	1	3	174	5	2	28	2196	0	0	0
1.735	1	4	174	6	4	28	2196	0	0	0
1.736	1	2	174	7	6	28	2196	0	0	0
1.737	1	3	174	8	2	28	2196	0	0	0
1.738	1	4	174	9	4	28	2196	0	0	0
1.739	1	3	174	10	2	28	2196	0	0	0
1.74	1	3	175	1	2	28	2196	0	0	0
1.742	1	4	175	3	4	28	2196	0	0	0
1.743	1	1	175	4	1	28	2196	0	0	0
1.744	1	3	175	5	2	28	2196	0	0	0
1.745	1	4	175	6	4	28	2196	0	0	0
1.747	1	4	175	8	4	28	2196	0	0	0
1.748	1	4	175	9	4	28	2196	0	0	0
1.749	1	3	175	10	2	28	2196	0	0	0
1.75	1	2	176	1	6	28	2196	0	0	0
1.751	1	4	176	2	4	28	2196	0	0	0
1.752	1	3	176	3	2	28	2196	0	0	0
1.753	1	1	176	4	1	28	2196	0	0	0
1.754	1	3	176	5	2	28	2196	0	0	0
1.755	1	4	176	6	4	28	2196	0	0	0
1.756	1	3	176	7	2	28	2196	0	0	0
1.758	1	3	176	9	2	28	2196	0	0	0
1.759	1	2	176	10	6	28	2196	0	0	0
1.76	1	4	177	1	4	28	2196	0	0	0
1.761	1	3	177	2	2	28	2196	0	0	0
1.762	1	4	177	3	4	28	2196	0	0	0
1.763	1	1	177	4	1	28	2196	0	0	0
1.764	1	4	177	5	4	28	2196	0	0	0
1.765	1	3	177	6	2	28	2196	0	0	0
1.766	1	2	177	7	6	28	2196	0	0	0
1.767	1	4	177	8	4	28	2196	0	0	0
1.768	1	3	177	9	2	28	2196	0	0	0
1.769	1	4	177	10	4	28	2196	0	0	0
1.77	1	3	178	1	2	28	2196	0	0	0
1.771	1	4	178	2	4	28	2196	0	0	0
1.772	1	3	178	3	2	28	2196	0	0	0
1.773	1	1	178	4	1	28	2196	0	0	0
1.774	1	4	178	5	4	28	2196	0	0	0
1.775	1	3	178	6	2	28	2196	0	0	0
1.776	1	4	178	7	4	28	2196	0	0	0
1.777	1	4	178	8	4	28	2196	0	0	0
1.778	1	4	178	9	4	28	2196	0	0	0
1.78	1	2	179	1	6	28	2196	0	0	0
1.781	1	3	179	2	2	28	2196	0	0	0
1.782	1	3	179	3	2	28	2196	0	0	0
1.783	1	1	179	4	1	28	2196	0	0	0
1.784	1	3	179	5	2	28	2196	0	0	0
1.785	1	2	179	6	6	28	2196	0	0	0
1.786	1	3	179	7	2	28	2196	0	0	0
1.787	1	3	179	8	2	28	2196	0	0	0
1.788	1	4	179	9	4	28	2196	0	0	0
1.789	1	3	179	10	2	28	2196	0	0	0
1.791	1	4	180	2	4	28	2196	0	0	0
1.792	1	3	180	3	2	28	2196	0	0	0
1.793	1	1	180	4	1	28	2196	0	0	0
1.794	1	4	180	5	4	28	2196	0	0	0
1.795	1	4	180	6	4	28	2196	0	0	0
1.797	1	3	180	8	2	28	2196	0	0	0
1.798	1	3	180	9	2	28	2196	0	0	0
1.799	1	4	180	10	4	28	2196	0	0	0
1.8	1	2	181	1	6	28	2196	0	0	0
1.801	1	3	181	2	2	28	2196	0	0	0
1.802	1	3	181	3	2	28	2196	0	0	0
1.803	1	1	181	4	1	28	2196	0	0	0
1.804	1	4	181	5	4	28	2196	0	0	0
1.805	1	3	181	6	2	28	2196	0	0	0
1.806	1	3	181	7	2	28	2196	0	0	0
1.807	1	2	181	8	6	28	2196	0	0	0
1.808	1	4	181	9	4	28	2196	0	0	0
1.809	1	4	181	10	4	28	2196	0	0	0
1.81	1	3	182	1	2	28	2196	0	0	0
1.811	1	4	182	2	4	28	2196	0	0	0
1.812	1	4	182	3	4	28	2196	0	0	0
1.813	1	1	182	4	1	28	2196	0	0	0
1.814	1	4	182	5	4	28	2196	0	0	0
1.815	1	3	182	6	2	28	2196	0	0	0
1.816	1	2	182	7	6	28	2196	0	0	0
1.817	1	4	182	8	4	28	2196	0	0	0
1.818	1	3	182	9	2	28	2196	0	0	0
1.819	1	3	182	10	2	28	2196	0	0	0
1.82	1	4	183	1	4	28	2196	0	0	0
1.821	1	4	183	2	4	28	2196	0	0	0
1.822	1	4	183	3	4	28	2196	0	0	0
1.823	1	1	183	4	1	28	2196	0	0	0
1.824	1	3	183	5	2	28	2196	0	0	0
1.825	1	4	183	6	4	28	2196	0	0	0
1.827	1	3	183	8	2	28	2196	0	0	0
1.828	1	3	183	9	2	28	2196	0	0	0
1.829	1	3	183	10	2	28	2196	0	0	0
1.83	1	4	184	1	4	28	2196	0	0	0
1.832	1	2	184	3	6	28	2196	0	0	0
1.833	1	1	184	4	1	28	2196	0	0	0
1.834	1	4	184	5	4	28	2196	0	0	0
1.835	1	3	184	6	2	28	2196	0	0	0
1.836	1	3	184	7	2	28	2196	0	0	0
1.837	1	3	184	8	2	28	2196	0	0	0
1.838	1	3	184	9	2	28	2196	0	0	0
1.839	1	2	184	10	6	28	2196	0	0	0
1.84	1	4	185	1	4	28	2196	0	0	0
1.841	1	3	185	2	2	28	2196	0	0	0
1.842	1	3	185	3	2	28	2196	0	0	0
1.843	1	1	185	4	1	28	2196	0	0	0
1.844	1	3	185	5	2	28	2196	0	0	0
1.845	1	3	185	6	2	28	2196	0	0	0
1.847	1	2	185	8	6	28	2196	0	0	0
1.848	1	4	185	9	4	28	2196	0	0	0
1.849	1	3	185	10	2	28	2196	0	0	0
1.85	1	4	186	1	4	28	2196	0	0	0
1.851	1	3	186	2	2	28	2196	0	0	0
1.852	1	4	186	3	4	28	2196	0	0	0
1.853	1	1	186	4	1	28	2196	0	0	0
1.854	1	4	186	5	4	28	2196	0	0	0
1.855	1	4	186	6	4	28	2196	0	0	0
1.856	1	2	186	7	6	28	2196	0	0	0
1.857	1	3	186	8	2	28	2196	0	0	0
1.858	1	3	186	9	2	28	2196	0	0	0
1.859	1	4	186	10	4	28	2196	0	0	0
1.86	1	4	187	1	4	28	2196	0	0	0
1.861	1	4	187	2	4	28	2196	0	0	0
1.862	1	3	187	3	2	28	2196	0	0	0
1.863	1	1	187	4	1	28	2196	0	0	0
1.864	1	4	187	5	4	28	2196	0	0	0
1.865	1	4	187	6	4	28	2196	0	0	0
1.866	1	4	187	7	4	28	2196	0	0	0
1.867	1	3	187	8	2	28	2196	0	0	0
1.868	1	2	187	9	6	28	2196	0	0	0
1.869	1	4	187	10	4	28	2196	0	0	0
1.87	1	3	188	1	2	28	2196	0	0	0
1.871	1	4	188	2	4	28	2196	0	0	0
1.872	1	3	188	3	2	28	2196	0	0	0
1.873	1	1	188	4	1	28	2196	0	0	0
1.874	1	4	188	5	4	28	2196	0	0	0
1.875	1	3	188	6	2	28	2196	0	0	0
1.876	1	2	188	7	6	28	2196	0	0	0
1.877	1	3	188	8	2	28	2196	0	0	0
1.878	1	3	188	9	2	28	2196	0	0	0
1.879	1	3	188	10	2	28	2196	0	0	0
1.88	1	4	189	1	4	28	2196	0	0	0
1.882	1	3	189	3	2	28	2196	0	0	0
1.883	1	1	189	4	1	28	2196	0	0	0
1.884	1	4	189	5	4	28	2196	0	0	0
1.885	1	4	189	6	4	28	2196	0	0	0
1.886	1	4	189	7	4	28	2196	0	0	0
1.887	1	3	189	8	2	28	2196	0	0	0
1.888	1	3	189	9	2	28	2196	0	0	0
1.889	1	2	189	10	6	28	2196	0	0	0
1.89	1	4	190	1	4	28	2196	0	0	0
1.891	1	3	190	2	2	28	2196	0	0	0
1.892	1	4	190	3	4	28	2196	0	0	0
1.893	1	1	190	4	1	28	2196	0	0	0
1.894	1	4	190	5	4	28	2196	0	0	0
1.895	1	3	190	6	2	28	2196	0	0	0
1.896	1	2	190	7	6	28	2196	0	0	0
1.897	1	4	190	8	4	28	2196	0	0	0
1.898	1	4	190	9	4	28	2196	0	0	0
1.899	1	3	190	10	2	28	2196	0	0	0
1.9	1	4	191	1	4	28	2196	0	0	0
1.901	1	3	191	2	2	28	2196	0	0	0
1.902	1	3	191	3	2	28	2196	0	0	0
1.903	1	1	191	4	1	28	2196	0	0	0
1.904	1	4	191	5	4	28	2196	0	0	0
1.905	1	3	191	6	2	28	2196	0	0	0
1.906	1	4	191	7	4	28	2196	0	0	0
1.907	1	4	191	8	4	28	2196	0	0	0
1.909	1	4	191	10	4	28	2196	0	0	0
1.911	1	4	192	2	4	28	2196	0	0	0
1.912	1	2	192	3	6	28	2196	0	0	0
1.913	1	1	192	4	1	28	2196	0	0	0
1.914	1	3	192	5	2	28	2196	0	0	0
1.915	1	3	192	6	2	28	2196	0	0	0
1.916	1	3	192	7	2	28	2196	0	0	0
1.917	1	4	192	8	4	28	2196	0	0	0
1.918	1	3	192	9	2	28	2196	0	0	0
1.919	1	2	192	10	6	28	2196	0	0	0
1.92	1	4	193	1	4	28	2196	0	0	0
1.921	1	3	193	2	2	28	2196	0	0	0
1.922	1	3	193	3	2	28	2196	0	0	0
1.923	1	1	193	4	1	28	2196	0	0	0
1.924	1	4	193	5	4	28	2196	0	0	0
1.925	1	3	193	6	2	28	2196	0	0	0
1.926	1	4	193	7	4	28	2196	0	0	0
1.927	1	4	193	8	4	28	2196	0	0	0
1.928	1	2	193	9	6	28	2196	0	0	0
1.929	1	3	193	10	2	28	2196	0	0	0
1.93	1	4	194	1	4	28	2196	0	0	0
1.932	1	3	194	3	2	28	2196	0	0	0
1.933	1	1	194	4	1	28	2196	0	0	0
1.934	1	4	194	5	4	28	2196	0	0	0
1.935	1	3	194	6	2	28	2196	0	0	0
1.936	1	4	194	7	4	28	2196	0	0	0
1.937	1	3	194	8	2	28	2196	0	0	0
1.938	1	3	194	9	2	28	2196	0	0	0
1.939	1	4	194	10	4	28	2196	0	0	0
1.94	1	2	195	1	6	28	2196	0	0	0
1.941	1	4	195	2	4	28	2196	0	0	0
1.942	1	3	195	3	2	28	2196	0	0	0
1.943	1	1	195	4	1	28	2196	0	0	0
1.944	1	3	195	5	2	28	2196	0	0	0
1.945	1	4	195	6	4	28	2196	0	0	0
1.946	1	4	195	7	4	28	2196	0	0	0
1.947	1	3	195	8	2	28	2196	0	0	0
1.948	1	2	195	9	6	28	2196	0	0	0
1.949	1	3	195	10	2	28	2196	0	0	0
1.95	1	3	196	1	2	28	2196	0	0	0
1.951	1	3	196	2	2	28	2196	0	0	0
1.952	1	3	196	3	2	28	2196	0	0	0
1.953	1	1	196	4	1	28	2196	0	0	0
1.954	1	4	196	5	4	28	2196	0	0	0
1.955	1	3	196	6	2	28	2196	0	0	0
1.956	1	2	196	7	6	28	2196	0	0	0
1.957	1	3	196	8	2	28	2196	0	0	0
1.958	1	4	196	9	4	28	2196	0	0	0
1.959	1	3	196	10	2	28	2196	0	0	0
1.962	1	3	197	3	2	28	2196	0	0	0
1.963	1	1	197	4	1	28	2196	0	0	0
1.964	1	4	197	5	4	28	2196	0	0	0
1.965	1	4	197	6	4	28	2196	0	0	0
1.966	1	3	197	7	2	28	2196	0	0	0
1.967	1	3	197	8	2	28	2196	0	0	0
1.968	1	2	197	9	6	28	2196	0	0	0
1.969	1	4	197	10	4	28	2196	0	0	0
1.97	1	4	198	1	4	28	2196	0	0	0
1.971	1	3	198	2	2	28	2196	0	0	0
1.972	1	3	198	3	2	28	2196	0	0	0
1.973	1	1	198	4	1	28	2196	0	0	0
1.974	1	4	198	5	4	28	2196	0	0	0
1.975	1	3	198	6	2	28	2196	0	0	0
1.976	1	4	198	7	4	28	2196	0	0	0
1.977	1	4	198	8	4	28	2196	0	0	0
1.978	1	2	198	9	6	28	2196	0	0	0
1.979	1	3	198	10	2	28	2196	0	0	0
1.982	1	4	199	3	4	28	2196	0	0	0
1.983	1	1	199	4	1	28	2196	0	0	0
1.984	1	3	199	5	2	28	2196	0	0	0
1.985	1	3	199	6	2	28	2196	0	0	0
1.986	1	3	199	7	2	28	2196	0	0	0
1.987	1	3	199	8	2	28	2196	0	0	0
1.988	1	2	199	9	6	28	2196	0	0	0
1.989	1	4	199	10	4	28	2196	0	0	0
1.99	1	3	200	1	2	28	2196	0	0	0
1.991	1	3	200	2	2	28	2196	0	0	0
1.993	1	1	200	4	1	28	2196	0	0	0
1.994	1	3	200	5	2	28	2196	0	0	0
1.995	1	4	200	6	4	28	2196	0	0	0
1.996	1	2	200	7	6	28	2196	0	0	0
1.997	1	3	200	8	2	28	2196	0	0	0
1.998	1	3	200	9	2	28	2196	0	0	0
1.999	1	3	200	10	2	28	2196	0	0	0
2	1	4	201	1	4	28	2196	0	0	0
2.001	1	4	201	2	4	28	2196	0	0	0
2.002	1	3	201	3	2	28	2196	0	0	0
2.003	1	1	201	4	1	28	2196	0	0	0
2.004	1	3	201	5	2	28	2196	0	0	0
2.012	1	5	202	3	5	28	2196	0	0	0
2.013	1	6	202	4	3	28	2196	0	0	0
2.014	1	2	202	5	6	28	2196	0	0	0
2.015	1	1	202	6	1	28	2196	0	0	0
2.016	1	4	202	7	4	28	2196	0	0	0
2.017	1	4	202	8	4	28	2196	0	0	0
2.018	1	3	202	9	2	28	2196	0	0	0
2.019	1	3	202	10	2	28	2196	0	0	0
2.02	1	3	203	1	2	28	2196	0	0	0
2.021	1	4	203	2	4	28	2196	0	0	0
2.023	1	2	203	4	6	28	2196	0	0	0
2.024	1	1	203	5	1	28	2196	0	0	0
2.025	1	4	203	6	4	28	2196	0	0	0
2.026	1	3	203	7	2	28	2196	0	0	0
2.027	1	3	203	8	2	28	2196	0	0	0
2.028	1	3	203	9	2	28	2196	0	0	0
2.029	1	2	203	10	6	28	2196	0	0	0
2.03	1	4	204	1	4	28	2196	0	0	0
2.031	1	3	204	2	2	28	2196	0	0	0
2.032	1	3	204	3	2	28	2196	0	0	0
2.033	1	1	204	4	1	28	2196	0	0	0
2.034	1	3	204	5	2	28	2196	0	0	0
2.035	1	4	204	6	4	28	2196	0	0	0
2.036	1	4	204	7	4	28	2196	0	0	0
2.037	1	2	204	8	6	28	2196	0	0	0
2.038	1	3	204	9	2	28	2196	0	0	0
2.039	1	3	204	10	2	28	2196	0	0	0
2.04	1	3	205	1	2	28	2196	0	0	0
2.041	1	4	205	2	4	28	2196	0	0	0
2.042	1	3	205	3	2	28	2196	0	0	0
2.043	1	1	205	4	1	28	2196	0	0	0
2.044	1	3	205	5	2	28	2196	0	0	0
2.046	1	2	205	7	6	28	2196	0	0	0
2.047	1	4	205	8	4	28	2196	0	0	0
2.048	1	3	205	9	2	28	2196	0	0	0
2.051	1	4	206	2	4	28	2196	0	0	0
2.052	1	3	206	3	2	28	2196	0	0	0
2.053	1	1	206	4	1	28	2196	0	0	0
2.054	1	3	206	5	2	28	2196	0	0	0
2.055	1	3	206	6	2	28	2196	0	0	0
2.056	1	3	206	7	2	28	2196	0	0	0
2.057	1	3	206	8	2	28	2196	0	0	0
2.058	1	2	206	9	6	28	2196	0	0	0
2.059	1	4	206	10	4	28	2196	0	0	0
2.06	1	4	207	1	4	28	2196	0	0	0
2.061	1	4	207	2	4	28	2196	0	0	0
2.062	1	4	207	3	4	28	2196	0	0	0
2.063	1	1	207	4	1	28	2196	0	0	0
2.064	1	4	207	5	4	28	2196	0	0	0
2.065	1	4	207	6	4	28	2196	0	0	0
2.066	1	2	207	7	6	28	2196	0	0	0
2.067	1	4	207	8	4	28	2196	0	0	0
2.068	1	4	207	9	4	28	2196	0	0	0
2.069	1	3	207	10	2	28	2196	0	0	0
2.07	1	3	208	1	2	28	2196	0	0	0
2.071	1	3	208	2	2	28	2196	0	0	0
2.072	1	4	208	3	4	28	2196	0	0	0
2.073	1	1	208	4	1	28	2196	0	0	0
2.074	1	3	208	5	2	28	2196	0	0	0
2.075	1	4	208	6	4	28	2196	0	0	0
2.076	1	4	208	7	4	28	2196	0	0	0
2.077	1	4	208	8	4	28	2196	0	0	0
2.078	1	4	208	9	4	28	2196	0	0	0
2.079	1	2	208	10	6	28	2196	0	0	0
2.08	1	3	209	1	2	28	2196	0	0	0
2.081	1	3	209	2	2	28	2196	0	0	0
2.082	1	4	209	3	4	28	2196	0	0	0
2.083	1	1	209	4	1	28	2196	0	0	0
2.084	1	3	209	5	2	28	2196	0	0	0
2.086	1	3	209	7	2	28	2196	0	0	0
2.087	1	4	209	8	4	28	2196	0	0	0
2.088	1	3	209	9	2	28	2196	0	0	0
2.089	1	3	209	10	2	28	2196	0	0	0
2.091	1	2	210	2	6	28	2196	0	0	0
2.092	1	4	210	3	4	28	2196	0	0	0
2.093	1	1	210	4	1	28	2196	0	0	0
2.094	1	4	210	5	4	28	2196	0	0	0
2.095	1	3	210	6	2	28	2196	0	0	0
2.096	1	4	210	7	4	28	2196	0	0	0
2.097	1	3	210	8	2	28	2196	0	0	0
2.098	1	3	210	9	2	28	2196	0	0	0
2.099	1	2	210	10	6	28	2196	0	0	0
2.1	1	3	211	1	2	28	2196	0	0	0
2.101	1	3	211	2	2	28	2196	0	0	0
2.102	1	3	211	3	2	28	2196	0	0	0
2.103	1	1	211	4	1	28	2196	0	0	0
2.104	1	4	211	5	4	28	2196	0	0	0
2.105	1	4	211	6	4	28	2196	0	0	0
2.106	1	3	211	7	2	28	2196	0	0	0
2.107	1	2	211	8	6	28	2196	0	0	0
2.108	1	4	211	9	4	28	2196	0	0	0
2.109	1	3	211	10	2	28	2196	0	0	0
2.11	1	4	212	1	4	28	2196	0	0	0
2.111	1	4	212	2	4	28	2196	0	0	0
2.112	1	3	212	3	2	28	2196	0	0	0
2.113	1	1	212	4	1	28	2196	0	0	0
2.114	1	3	212	5	2	28	2196	0	0	0
2.115	1	4	212	6	4	28	2196	0	0	0
2.116	1	2	212	7	6	28	2196	0	0	0
2.117	1	3	212	8	2	28	2196	0	0	0
2.118	1	3	212	9	2	28	2196	0	0	0
2.119	1	3	212	10	2	28	2196	0	0	0
2.12	1	4	213	1	4	28	2196	0	0	0
2.121	1	4	213	2	4	28	2196	0	0	0
2.122	1	4	213	3	4	28	2196	0	0	0
2.123	1	1	213	4	1	28	2196	0	0	0
2.124	1	3	213	5	2	28	2196	0	0	0
2.125	1	4	213	6	4	28	2196	0	0	0
2.127	1	4	213	8	4	28	2196	0	0	0
2.128	1	4	213	9	4	28	2196	0	0	0
2.129	1	3	213	10	2	28	2196	0	0	0
2.13	1	2	214	1	6	28	2196	0	0	0
2.131	1	4	214	2	4	28	2196	0	0	0
2.132	1	4	214	3	4	28	2196	0	0	0
2.133	1	1	214	4	1	28	2196	0	0	0
2.134	1	3	214	5	2	28	2196	0	0	0
2.135	1	4	214	6	4	28	2196	0	0	0
2.136	1	3	214	7	2	28	2196	0	0	0
2.137	1	4	214	8	4	28	2196	0	0	0
2.138	1	3	214	9	2	28	2196	0	0	0
2.139	1	2	214	10	6	28	2196	0	0	0
2.14	1	4	215	1	4	28	2196	0	0	0
2.141	1	3	215	2	2	28	2196	0	0	0
2.142	1	3	215	3	2	28	2196	0	0	0
2.143	1	1	215	4	1	28	2196	0	0	0
2.144	1	3	215	5	2	28	2196	0	0	0
2.145	1	3	215	6	2	28	2196	0	0	0
2.147	1	2	215	8	6	28	2196	0	0	0
2.148	1	3	215	9	2	28	2196	0	0	0
2.149	1	4	215	10	4	28	2196	0	0	0
2.15	1	4	216	1	4	28	2196	0	0	0
2.151	1	3	216	2	2	28	2196	0	0	0
2.152	1	3	216	3	2	28	2196	0	0	0
2.153	1	1	216	4	1	28	2196	0	0	0
2.154	1	3	216	5	2	28	2196	0	0	0
2.155	1	4	216	6	4	28	2196	0	0	0
2.156	1	3	216	7	2	28	2196	0	0	0
2.157	1	3	216	8	2	28	2196	0	0	0
2.158	1	2	216	9	6	28	2196	0	0	0
2.159	1	4	216	10	4	28	2196	0	0	0
2.16	1	3	217	1	2	28	2196	0	0	0
2.161	1	3	217	2	2	28	2196	0	0	0
2.163	1	1	217	4	1	28	2196	0	0	0
2.164	1	4	217	5	4	28	2196	0	0	0
2.165	1	3	217	6	2	28	2196	0	0	0
2.166	1	2	217	7	6	28	2196	0	0	0
2.167	1	4	217	8	4	28	2196	0	0	0
2.168	1	3	217	9	2	28	2196	0	0	0
2.17	1	3	218	1	2	28	2196	0	0	0
2.171	1	3	218	2	2	28	2196	0	0	0
2.172	1	3	218	3	2	28	2196	0	0	0
2.173	1	1	218	4	1	28	2196	0	0	0
2.174	1	3	218	5	2	28	2196	0	0	0
2.175	1	3	218	6	2	28	2196	0	0	0
2.177	1	2	218	8	6	28	2196	0	0	0
2.178	1	3	218	9	2	28	2196	0	0	0
2.179	1	4	218	10	4	28	2196	0	0	0
2.18	1	4	219	1	4	28	2196	0	0	0
2.181	1	4	219	2	4	28	2196	0	0	0
2.182	1	3	219	3	2	28	2196	0	0	0
2.183	1	1	219	4	1	28	2196	0	0	0
2.184	1	3	219	5	2	28	2196	0	0	0
2.185	1	3	219	6	2	28	2196	0	0	0
2.186	1	2	219	7	6	28	2196	0	0	0
2.187	1	4	219	8	4	28	2196	0	0	0
2.188	1	3	219	9	2	28	2196	0	0	0
2.189	1	4	219	10	4	28	2196	0	0	0
2.19	1	3	220	1	2	28	2196	0	0	0
2.191	1	3	220	2	2	28	2196	0	0	0
2.192	1	3	220	3	2	28	2196	0	0	0
2.193	1	1	220	4	1	28	2196	0	0	0
2.194	1	3	220	5	2	28	2196	0	0	0
2.202	1	2	221	3	6	28	2196	0	0	0
2.203	1	1	221	4	1	28	2196	0	0	0
2.204	1	3	221	5	2	28	2196	0	0	0
2.205	1	4	221	6	4	28	2196	0	0	0
2.206	1	4	221	7	4	28	2196	0	0	0
2.207	1	3	221	8	2	28	2196	0	0	0
2.208	1	3	221	9	2	28	2196	0	0	0
2.209	1	3	221	10	2	28	2196	0	0	0
2.21	1	2	222	1	6	28	2196	0	0	0
2.211	1	4	222	2	4	28	2196	0	0	0
2.212	1	4	222	3	4	28	2196	0	0	0
2.213	1	1	222	4	1	28	2196	0	0	0
2.214	1	4	222	5	4	28	2196	0	0	0
2.215	1	4	222	6	4	28	2196	0	0	0
2.216	1	3	222	7	2	28	2196	0	0	0
2.217	1	3	222	8	2	28	2196	0	0	0
2.218	1	2	222	9	6	28	2196	0	0	0
2.219	1	3	222	10	2	28	2196	0	0	0
2.22	1	4	223	1	4	28	2196	0	0	0
2.221	1	3	223	2	2	28	2196	0	0	0
2.222	1	3	223	3	2	28	2196	0	0	0
2.223	1	1	223	4	1	28	2196	0	0	0
2.224	1	3	223	5	2	28	2196	0	0	0
2.226	1	2	223	7	6	28	2196	0	0	0
2.227	1	3	223	8	2	28	2196	0	0	0
2.228	1	3	223	9	2	28	2196	0	0	0
2.232	1	3	224	3	2	28	2196	0	0	0
2.233	1	1	224	4	1	28	2196	0	0	0
2.234	1	3	224	5	2	28	2196	0	0	0
2.237	1	2	224	8	6	28	2196	0	0	0
2.238	1	3	224	9	2	28	2196	0	0	0
2.239	1	3	224	10	2	28	2196	0	0	0
2.24	1	3	225	1	2	28	2196	0	0	0
2.241	1	3	225	2	2	28	2196	0	0	0
2.242	1	3	225	3	2	28	2196	0	0	0
2.243	1	1	225	4	1	28	2196	0	0	0
2.244	1	3	225	5	2	28	2196	0	0	0
2.253	1	2	226	4	6	28	2196	0	0	0
2.254	1	1	226	5	1	28	2196	0	0	0
2.255	1	3	226	6	2	28	2196	0	0	0
2.256	1	3	226	7	2	28	2196	0	0	0
2.257	1	3	226	8	2	28	2196	0	0	0
2.258	1	2	226	9	6	28	2196	0	0	0
2.259	1	3	226	10	2	28	2196	0	0	0
2.26	1	3	227	1	2	28	2196	0	0	0
2.261	1	3	227	2	2	28	2196	0	0	0
2.262	1	3	227	3	2	28	2196	0	0	0
2.263	1	1	227	4	1	28	2196	0	0	0
2.264	1	3	227	5	2	28	2196	0	0	0
2.265	1	2	227	6	6	28	2196	0	0	0
2.266	1	3	227	7	2	28	2196	0	0	0
2.273	1	1	228	4	1	28	2196	0	0	0
2.275	1	3	228	6	2	28	2196	0	0	0
2.276	1	3	228	7	2	28	2196	0	0	0
2.277	1	2	228	8	6	28	2196	0	0	0
2.278	1	3	228	9	2	28	2196	0	0	0
2.279	1	3	228	10	2	28	2196	0	0	0
2.28	1	3	229	1	2	28	2196	0	0	0
2.283	1	1	229	4	1	28	2196	0	0	0
2.284	1	3	229	5	2	28	2196	0	0	0
2.285	1	2	229	6	6	28	2196	0	0	0
2.286	1	3	229	7	2	28	2196	0	0	0
2.289	1	3	229	10	2	28	2196	0	0	0
2.29	1	3	230	1	2	28	2196	0	0	0
2.291	1	3	230	2	2	28	2196	0	0	0
2.292	1	3	230	3	2	28	2196	0	0	0
2.293	1	1	230	4	1	28	2196	0	0	0
2.294	1	3	230	5	2	28	2196	0	0	0
2.295	1	2	230	6	6	28	2196	0	0	0
2.296	1	3	230	7	2	28	2196	0	0	0
2.301	1	3	231	2	2	28	2196	0	0	0
2.302	1	3	231	3	2	28	2196	0	0	0
2.303	1	1	231	4	1	28	2196	0	0	0
2.305	1	3	231	6	2	28	2196	0	0	0
2.306	1	2	231	7	6	28	2196	0	0	0
2.307	1	3	231	8	2	28	2196	0	0	0
2.308	1	3	231	9	2	28	2196	0	0	0
2.309	1	3	231	10	2	28	2196	0	0	0
2.311	1	3	232	2	2	28	2196	0	0	0
2.312	1	3	232	3	2	28	2196	0	0	0
2.313	1	1	232	4	1	28	2196	0	0	0
2.315	1	3	232	6	2	28	2196	0	0	0
2.318	1	2	232	9	6	28	2196	0	0	0
2.319	1	3	232	10	2	28	2196	0	0	0
2.321	1	3	233	2	2	28	2196	0	0	0
2.322	1	3	233	3	2	28	2196	0	0	0
2.323	1	1	233	4	1	28	2196	0	0	0
2.324	1	3	233	5	2	28	2196	0	0	0
2.325	1	2	233	6	6	28	2196	0	0	0
2.326	1	3	233	7	2	28	2196	0	0	0
2.327	1	3	233	8	2	28	2196	0	0	0
2.333	1	1	234	4	1	28	2196	0	0	0
2.336	1	3	234	7	2	28	2196	0	0	0
2.337	1	3	234	8	2	28	2196	0	0	0
2.339	1	2	234	10	6	28	2196	0	0	0
2.34	1	3	235	1	2	28	2196	0	0	0
2.341	1	3	235	2	2	28	2196	0	0	0
2.342	1	3	235	3	2	28	2196	0	0	0
2.343	1	1	235	4	1	28	2196	0	0	0
2.344	1	3	235	5	2	28	2196	0	0	0
2.345	1	2	235	6	6	28	2196	0	0	0
2.346	1	3	235	7	2	28	2196	0	0	0
2.352	1	3	236	3	2	28	2196	0	0	0
2.353	1	1	236	4	1	28	2196	0	0	0
2.355	1	3	236	6	2	28	2196	0	0	0
2.356	1	3	236	7	2	28	2196	0	0	0
2.357	1	2	236	8	6	28	2196	0	0	0
2.358	1	3	236	9	2	28	2196	0	0	0
2.359	1	3	236	10	2	28	2196	0	0	0
2.36	1	3	237	1	2	28	2196	0	0	0
2.361	1	3	237	2	2	28	2196	0	0	0
2.362	1	3	237	3	2	28	2196	0	0	0
2.363	1	1	237	4	1	28	2196	0	0	0
2.364	1	3	237	5	2	28	2196	0	0	0
2.373	1	2	238	4	6	28	2196	0	0	0
2.374	1	1	238	5	1	28	2196	0	0	0
2.375	1	3	238	6	2	28	2196	0	0	0
2.376	1	3	238	7	2	28	2196	0	0	0
2.377	1	2	238	8	6	28	2196	0	0	0
2.378	1	3	238	9	2	28	2196	0	0	0
2.379	1	3	238	10	2	28	2196	0	0	0
2.38	1	3	239	1	2	28	2196	0	0	0
2.383	1	1	239	4	1	28	2196	0	0	0
2.384	1	3	239	5	2	28	2196	0	0	0
2.385	1	2	239	6	6	28	2196	0	0	0
2.386	1	3	239	7	2	28	2196	0	0	0
2.389	1	3	239	10	2	28	2196	0	0	0
2.39	1	3	240	1	2	28	2196	0	0	0
2.391	1	3	240	2	2	28	2196	0	0	0
2.392	1	3	240	3	2	28	2196	0	0	0
2.393	1	1	240	4	1	28	2196	0	0	0
2.394	1	3	240	5	2	28	2196	0	0	0
2.395	1	2	240	6	6	28	2196	0	0	0
2.396	1	3	240	7	2	28	2196	0	0	0
2.401	1	3	241	2	2	28	2196	0	0	0
2.402	1	3	241	3	2	28	2196	0	0	0
2.403	1	1	241	4	1	28	2196	0	0	0
2.405	1	3	241	6	2	28	2196	0	0	0
2.406	1	2	241	7	6	28	2196	0	0	0
2.407	1	3	241	8	2	28	2196	0	0	0
2.408	1	3	241	9	2	28	2196	0	0	0
2.409	1	3	241	10	2	28	2196	0	0	0
2.411	1	3	242	2	2	28	2196	0	0	0
2.412	1	3	242	3	2	28	2196	0	0	0
2.413	1	1	242	4	1	28	2196	0	0	0
2.414	1	3	242	5	2	28	2196	0	0	0
2.418	1	2	242	9	6	28	2196	0	0	0
2.419	1	3	242	10	2	28	2196	0	0	0
2.422	1	3	243	3	2	28	2196	0	0	0
2.423	1	1	243	4	1	28	2196	0	0	0
2.424	1	3	243	5	2	28	2196	0	0	0
2.425	1	2	243	6	6	28	2196	0	0	0
2.426	1	3	243	7	2	28	2196	0	0	0
2.427	1	3	243	8	2	28	2196	0	0	0
2.428	1	3	243	9	2	28	2196	0	0	0
2.429	1	3	243	10	2	28	2196	0	0	0
2.43	1	3	244	1	2	28	2196	0	0	0
2.432	1	3	244	3	2	28	2196	0	0	0
2.433	1	1	244	4	1	28	2196	0	0	0
2.434	1	3	244	5	2	28	2196	0	0	0
2.44	1	4	245	1	4	28	2196	0	0	0
2.447	1	4	245	8	4	28	2196	0	0	0
2.453	1	4	246	4	4	28	2196	0	0	0
2.457	1	1	246	8	1	28	2196	0	0	0
2.46	1	4	247	1	4	28	2196	0	0	0
2.466	1	4	247	7	4	28	2196	0	0	0
2.469	1	1	247	10	1	28	2196	0	0	0
2.473	1	4	248	4	4	28	2196	0	0	0
2.477	1	1	248	8	1	28	2196	0	0	0
2.479	1	4	248	10	4	28	2196	0	0	0
2.486	1	4	249	7	4	28	2196	0	0	0
2.49	1	1	250	1	1	28	2196	0	0	0
2.492	1	4	250	3	4	28	2196	0	0	0
2.498	1	1	250	9	1	28	2196	0	0	0
2.499	1	4	250	10	4	28	2196	0	0	0
2.506	1	4	251	7	4	28	2196	0	0	0
2.509	1	1	251	10	1	28	2196	0	0	0
2.511	1	1	252	2	1	28	2196	0	0	0
2.512	1	4	252	3	4	28	2196	0	0	0
2.519	1	4	252	10	4	28	2196	0	0	0
2.521	1	1	253	2	1	28	2196	0	0	0
2.525	1	4	253	6	4	28	2196	0	0	0
2.532	1	1	254	3	1	28	2196	0	0	0
2.533	1	4	254	4	4	28	2196	0	0	0
2.538	1	4	254	9	4	28	2196	0	0	0
2.542	1	1	255	3	1	28	2196	0	0	0
2.545	1	4	255	6	4	28	2196	0	0	0
2.551	1	4	256	2	4	28	2196	0	0	0
2.553	1	1	256	4	1	28	2196	0	0	0
2.556	1	3	256	7	2	28	2196	0	0	0
2.557	1	3	256	8	2	28	2196	0	0	0
2.558	1	4	256	9	4	28	2196	0	0	0
2.559	1	3	256	10	2	28	2196	0	0	0
2.563	1	1	257	4	1	28	2196	0	0	0
2.565	1	4	257	6	4	28	2196	0	0	0
2.576	1	1	258	7	1	28	2196	0	0	0
2.582	1	4	259	3	4	28	2196	0	0	0
2.588	1	1	259	9	1	28	2196	0	0	0
2.597	1	1	260	8	1	28	2196	0	0	0
2.606	1	1	261	7	1	28	2196	0	0	0
2.656	1	2	266	7	6	28	2196	0	0	0
2.657	1	2	266	8	6	28	2196	0	0	0
2.658	1	2	266	9	6	28	2196	0	0	0
2.659	1	2	266	10	6	28	2196	0	0	0
2.66	1	3	267	1	2	28	2196	0	0	0
2.661	1	3	267	2	2	28	2196	0	0	0
2.662	1	3	267	3	2	28	2196	0	0	0
2.663	1	3	267	4	2	28	2196	0	0	0
2.664	1	3	267	5	2	28	2196	0	0	0
2.682	1	4	269	3	4	28	2196	0	0	0
2.727	1	1	273	8	1	28	2196	0	0	0
2.756	1	3	276	7	2	28	2196	0	0	0
2.757	1	3	276	8	2	28	2196	0	0	0
2.758	1	3	276	9	2	28	2196	0	0	0
2.759	1	3	276	10	2	28	2196	0	0	0
2.76	1	3	277	1	2	28	2196	0	0	0
2.782	1	4	279	3	4	28	2196	0	0	0
2.783	1	4	279	4	4	28	2196	0	0	0
2.784	1	4	279	5	4	28	2196	0	0	0
2.785	1	4	279	6	4	28	2196	0	0	0
2.786	1	4	279	7	4	28	2196	0	0	0
2.827	1	1	283	8	1	28	2196	0	0	0
2.828	1	1	283	9	1	28	2196	0	0	0
2.829	1	1	283	10	1	28	2196	0	0	0
2.83	1	1	284	1	1	28	2196	0	0	0
2.831	1	1	284	2	1	28	2196	0	0	0
2.856	1	2	286	7	6	28	2196	0	0	0
2.857	1	3	286	8	2	28	2196	0	0	0
2.858	1	3	286	9	2	28	2196	0	0	0
2.859	1	3	286	10	2	28	2196	0	0	0
2.86	1	3	287	1	2	28	2196	0	0	0
2.861	1	3	287	2	2	28	2196	0	0	0
2.882	1	4	289	3	4	28	2196	0	0	0
2.883	1	4	289	4	4	28	2196	0	0	0
2.884	1	4	289	5	4	28	2196	0	0	0
2.885	1	4	289	6	4	28	2196	0	0	0
2.886	1	4	289	7	4	28	2196	0	0	0
2.927	1	1	293	8	1	28	2196	0	0	0
2.928	1	1	293	9	1	28	2196	0	0	0
2.929	1	1	293	10	1	28	2196	0	0	0
2.93	1	1	294	1	1	28	2196	0	0	0
2.931	1	1	294	2	1	28	2196	0	0	0
2.932	1	1	294	3	1	28	2196	0	0	0
2.938	1	1	294	9	1	28	2196	0	0	0
2.948	1	1	295	9	1	28	2196	0	0	0
2.956	1	2	296	7	6	28	2196	0	0	0
2.957	1	2	296	8	6	28	2196	0	0	0
2.958	1	2	296	9	6	28	2196	0	0	0
2.959	1	3	296	10	2	28	2196	0	0	0
2.96	1	2	297	1	6	28	2196	0	0	0
2.961	1	3	297	2	2	28	2196	0	0	0
2.962	1	3	297	3	2	28	2196	0	0	0
2.963	1	3	297	4	2	28	2196	0	0	0
2.964	1	3	297	5	2	28	2196	0	0	0
2.965	1	1	297	6	1	28	2196	0	0	0
2.968	1	1	297	9	1	28	2196	0	0	0
2.977	1	1	298	8	1	28	2196	0	0	0
2.982	1	4	299	3	4	28	2196	0	0	0
2.983	1	4	299	4	4	28	2196	0	0	0
2.984	1	4	299	5	4	28	2196	0	0	0
2.985	1	4	299	6	4	28	2196	0	0	0
2.986	1	4	299	7	4	28	2196	0	0	0
3.019	1	5	302	10	5	28	2196	0	0	0
3.056	1	2	306	7	6	28	2196	0	0	0
3.057	1	3	306	8	2	28	2196	0	0	0
3.058	1	3	306	9	2	28	2196	0	0	0
3.059	1	3	306	10	2	28	2196	0	0	0
3.06	1	3	307	1	2	28	2196	0	0	0
3.061	1	3	307	2	2	28	2196	0	0	0
3.082	1	4	309	3	4	28	2196	0	0	0
3.083	1	4	309	4	4	28	2196	0	0	0
3.087	1	1	309	8	1	28	2196	0	0	0
3.087	2	6	309	8	1	28	2196	0	0	0
3.088	1	1	309	9	1	28	2196	0	0	0
3.089	1	1	309	10	1	28	2196	0	0	0
3.09	1	1	310	1	1	28	2196	0	0	0
3.091	1	1	310	2	1	28	2196	0	0	0
3.094	1	1	310	5	1	28	2196	0	0	0
3.094	2	6	310	5	1	28	2196	0	0	0
3.101	1	1	311	2	1	28	2196	0	0	0
3.101	2	6	311	2	1	28	2196	0	0	0
3.156	1	2	316	7	6	28	2196	0	0	0
3.157	1	2	316	8	6	28	2196	0	0	0
3.158	1	3	316	9	2	28	2196	0	0	0
3.159	1	3	316	10	2	28	2196	0	0	0
3.16	1	3	317	1	2	28	2196	0	0	0
3.161	1	3	317	2	2	28	2196	0	0	0
3.162	1	3	317	3	2	28	2196	0	0	0
3.182	1	4	319	3	4	28	2196	0	0	0
3.183	1	4	319	4	4	28	2196	0	0	0
3.184	1	4	319	5	4	28	2196	0	0	0
3.185	1	4	319	6	4	28	2196	0	0	0
3.186	1	4	319	7	4	28	2196	0	0	0
3.206	1	1	321	7	1	28	2196	0	0	0
3.207	1	1	321	8	1	28	2196	0	0	0
3.208	1	1	321	9	1	28	2196	0	0	0
3.256	1	2	326	7	6	28	2196	0	0	0
3.257	1	2	326	8	6	28	2196	0	0	0
3.258	1	3	326	9	2	28	2196	0	0	0
3.259	1	3	326	10	2	28	2196	0	0	0
3.26	1	3	327	1	2	28	2196	0	0	0
3.261	1	3	327	2	2	28	2196	0	0	0
3.262	1	3	327	3	2	28	2196	0	0	0
3.282	1	4	329	3	4	28	2196	0	0	0
3.283	1	4	329	4	4	28	2196	0	0	0
3.284	1	4	329	5	4	28	2196	0	0	0
3.285	1	4	329	6	4	28	2196	0	0	0
3.286	1	4	329	7	4	28	2196	0	0	0
3.306	1	1	331	7	1	28	2196	0	0	0
3.307	1	1	331	8	1	28	2196	0	0	0
3.308	1	1	331	9	1	28	2196	0	0	0
3.309	1	1	331	10	1	28	2196	0	0	0
3.31	1	1	332	1	1	28	2196	0	0	0
3.319	1	1	332	10	1	28	2196	0	0	0
3.327	1	1	333	8	1	28	2196	0	0	0
3.33	1	1	334	1	1	28	2196	0	0	0
3.348	1	1	335	9	1	28	2196	0	0	0
3.35	1	1	336	1	1	28	2196	0	0	0
3.356	1	2	336	7	6	28	2196	0	0	0
3.357	1	2	336	8	6	28	2196	0	0	0
3.358	1	3	336	9	2	28	2196	0	0	0
3.359	1	3	336	10	2	28	2196	0	0	0
3.36	1	3	337	1	2	28	2196	0	0	0
3.361	1	3	337	2	2	28	2196	0	0	0
3.362	1	3	337	3	2	28	2196	0	0	0
3.366	1	1	337	7	1	28	2196	0	0	0
3.376	1	1	338	7	1	28	2196	0	0	0
3.382	1	4	339	3	4	28	2196	0	0	0
3.383	1	4	339	4	4	28	2196	0	0	0
3.384	1	4	339	5	4	28	2196	0	0	0
3.385	1	4	339	6	4	28	2196	0	0	0
3.386	1	4	339	7	4	28	2196	0	0	0
3.456	1	2	346	7	6	28	2196	0	0	0
3.457	1	2	346	8	6	28	2196	0	0	0
3.458	1	3	346	9	2	28	2196	0	0	0
3.459	1	2	346	10	6	28	2196	0	0	0
3.46	1	3	347	1	2	28	2196	0	0	0
3.461	1	2	347	2	6	28	2196	0	0	0
3.462	1	3	347	3	2	28	2196	0	0	0
3.463	1	3	347	4	2	28	2196	0	0	0
3.464	1	3	347	5	2	28	2196	0	0	0
3.482	1	4	349	3	4	28	2196	0	0	0
3.483	1	4	349	4	4	28	2196	0	0	0
3.484	1	4	349	5	4	28	2196	0	0	0
3.485	1	4	349	6	4	28	2196	0	0	0
3.486	1	4	349	7	4	28	2196	0	0	0
3.491	1	1	350	2	1	28	2196	0	0	0
3.492	1	1	350	3	1	28	2196	0	0	0
3.493	1	1	350	4	1	28	2196	0	0	0
3.494	1	1	350	5	1	28	2196	0	0	0
3.495	1	1	350	6	1	28	2196	0	0	0
3.556	1	2	356	7	6	28	2196	0	0	0
3.557	1	2	356	8	6	28	2196	0	0	0
3.558	1	3	356	9	2	28	2196	0	0	0
3.559	1	3	356	10	2	28	2196	0	0	0
3.56	1	3	357	1	2	28	2196	0	0	0
3.561	1	3	357	2	2	28	2196	0	0	0
3.562	1	3	357	3	2	28	2196	0	0	0
3.582	1	4	359	3	4	28	2196	0	0	0
3.583	1	4	359	4	4	28	2196	0	0	0
3.584	1	4	359	5	4	28	2196	0	0	0
3.585	1	4	359	6	4	28	2196	0	0	0
3.586	1	4	359	7	4	28	2196	0	0	0
3.591	1	1	360	2	1	28	2196	0	0	0
3.592	1	1	360	3	1	28	2196	0	0	0
3.593	1	1	360	4	1	28	2196	0	0	0
3.594	1	1	360	5	1	28	2196	0	0	0
3.595	1	1	360	6	1	28	2196	0	0	0
3.601	1	1	361	2	1	28	2196	0	0	0
3.611	1	1	362	2	1	28	2196	0	0	0
3.62	1	1	363	1	1	28	2196	0	0	0
3.633	1	1	364	4	1	28	2196	0	0	0
3.639	1	1	364	10	1	28	2196	0	0	0
3.656	1	2	366	7	6	28	2196	0	0	0
3.657	1	2	366	8	6	28	2196	0	0	0
3.658	1	3	366	9	2	28	2196	0	0	0
3.659	1	3	366	10	2	28	2196	0	0	0
3.66	1	3	367	1	2	28	2196	0	0	0
3.661	1	3	367	2	2	28	2196	0	0	0
3.662	1	3	367	3	2	28	2196	0	0	0
3.682	1	4	369	3	4	28	2196	0	0	0
3.683	1	4	369	4	4	28	2196	0	0	0
3.684	1	4	369	5	4	28	2196	0	0	0
3.685	1	4	369	6	4	28	2196	0	0	0
3.686	1	4	369	7	4	28	2196	0	0	0
3.75	1	1	376	1	1	28	2196	0	0	0
3.751	1	1	376	2	1	28	2196	0	0	0
3.752	1	1	376	3	1	28	2196	0	0	0
3.756	1	2	376	7	6	28	2196	0	0	0
3.757	1	2	376	8	6	28	2196	0	0	0
3.758	1	3	376	9	2	28	2196	0	0	0
3.759	1	3	376	10	2	28	2196	0	0	0
3.76	1	3	377	1	2	28	2196	0	0	0
3.761	1	3	377	2	2	28	2196	0	0	0
3.762	1	3	377	3	2	28	2196	0	0	0
3.782	1	4	379	3	4	28	2196	0	0	0
3.783	1	4	379	4	4	28	2196	0	0	0
3.784	1	4	379	5	4	28	2196	0	0	0
3.785	1	4	379	6	4	28	2196	0	0	0
3.786	1	4	379	7	4	28	2196	0	0	0
3.85	1	1	386	1	1	28	2196	0	0	0
3.851	1	1	386	2	1	28	2196	0	0	0
3.852	1	1	386	3	1	28	2196	0	0	0
3.853	1	1	386	4	1	28	2196	0	0	0
3.854	1	1	386	5	1	28	2196	0	0	0
3.855	1	1	386	6	1	28	2196	0	0	0
3.856	1	2	386	7	6	28	2196	0	0	0
3.857	1	2	386	8	6	28	2196	0	0	0
3.858	1	3	386	9	2	28	2196	0	0	0
3.859	1	2	386	10	6	28	2196	0	0	0
3.86	1	3	387	1	2	28	2196	0	0	0
3.861	1	3	387	2	2	28	2196	0	0	0
3.862	1	3	387	3	2	28	2196	0	0	0
3.863	1	3	387	4	2	28	2196	0	0	0
3.864	1	1	387	5	1	28	2196	0	0	0
3.871	1	1	388	2	1	28	2196	0	0	0
3.88	1	1	389	1	1	28	2196	0	0	0
3.882	1	4	389	3	4	28	2196	0	0	0
3.883	1	4	389	4	4	28	2196	0	0	0
3.884	1	4	389	5	4	28	2196	0	0	0
3.885	1	4	389	6	4	28	2196	0	0	0
3.886	1	4	389	7	4	28	2196	0	0	0
3.89	1	1	390	1	1	28	2196	0	0	0
3.911	1	1	392	2	1	28	2196	0	0	0
3.917	1	1	392	8	1	28	2196	0	0	0
3.919	1	1	392	10	1	28	2196	0	0	0
3.932	1	1	394	3	1	28	2196	0	0	0
3.94	1	1	395	1	1	28	2196	0	0	0
3.95	1	1	396	1	1	28	2196	0	0	0
3.956	1	2	396	7	6	28	2196	0	0	0
3.957	1	2	396	8	6	28	2196	0	0	0
3.958	1	3	396	9	2	28	2196	0	0	0
3.959	1	3	396	10	2	28	2196	0	0	0
3.96	1	3	397	1	2	28	2196	0	0	0
3.961	1	3	397	2	2	28	2196	0	0	0
3.962	1	3	397	3	2	28	2196	0	0	0
3.963	1	1	397	4	1	28	2196	0	0	0
3.973	1	1	398	4	1	28	2196	0	0	0
3.979	1	1	398	10	1	28	2196	0	0	0
3.982	1	4	399	3	4	28	2196	0	0	0
3.983	1	4	399	4	4	28	2196	0	0	0
3.984	1	4	399	5	4	28	2196	0	0	0
3.985	1	4	399	6	4	28	2196	0	0	0
3.986	1	4	399	7	4	28	2196	0	0	0
3.99	1	1	400	1	1	28	2196	0	0	0
3.999	1	1	400	10	1	28	2196	0	0	0
4.012	1	1	402	3	1	28	2196	0	0	0
4.012	2	6	402	3	1	28	2196	0	0	0
4.019	1	1	402	10	1	28	2196	0	0	0
4.019	2	6	402	10	1	28	2196	0	0	0
4.02	1	5	403	1	5	28	2196	0	0	0
4.021	1	1	403	2	1	14	775	0	0	0
4.022	1	1	403	3	1	28	2196	0	0	0
4.026	1	1	403	7	1	28	2196	0	0	0
4.029	1	1	403	10	1	28	2196	0	0	0
4.04	1	1	405	1	1	28	2196	0	0	0
4.049	1	1	405	10	1	28	2196	0	0	0
4.059	1	1	406	10	1	28	2196	0	0	0
4.069	1	1	407	10	1	28	2196	0	0	0
4.079	1	1	408	10	1	28	2196	0	0	0
4.082	1	4	409	3	4	28	2196	0	0	0
4.083	1	4	409	4	4	28	2196	0	0	0
4.084	1	4	409	5	4	28	2196	0	0	0
4.085	1	4	409	6	4	28	2196	0	0	0
4.086	1	4	409	7	4	28	2196	0	0	0
4.089	1	1	409	10	1	28	2196	0	0	0
4.099	1	1	410	10	1	28	2196	0	0	0
4.109	1	1	411	10	1	28	2196	0	0	0
4.129	1	1	413	10	1	28	2196	0	0	0
4.13	1	1	414	1	1	28	2196	0	0	0
4.139	1	1	414	10	1	28	2196	0	0	0
4.149	1	1	415	10	1	28	2196	0	0	0
4.159	1	1	416	10	1	28	2196	0	0	0
4.169	1	1	417	10	1	28	2196	0	0	0
4.179	1	1	418	10	1	28	2196	0	0	0
4.182	1	4	419	3	4	28	2196	0	0	0
4.183	1	4	419	4	4	28	2196	0	0	0
4.184	1	4	419	5	4	28	2196	0	0	0
4.185	1	4	419	6	4	28	2196	0	0	0
4.186	1	4	419	7	4	28	2196	0	0	0
4.187	1	4	419	8	4	28	2196	0	0	0
4.188	1	4	419	9	4	28	2196	0	0	0
4.189	1	1	419	10	1	28	2196	0	0	0
4.196	1	4	420	7	4	28	2196	0	0	0
4.197	1	4	420	8	4	28	2196	0	0	0
4.199	1	1	420	10	1	28	2196	0	0	0
4.206	1	4	421	7	4	28	2196	0	0	0
4.207	1	4	421	8	4	28	2196	0	0	0
4.209	1	1	421	10	1	28	2196	0	0	0
4.216	1	4	422	7	4	28	2196	0	0	0
4.217	1	4	422	8	4	28	2196	0	0	0
4.219	1	4	422	10	4	28	2196	0	0	0
4.22	1	4	423	1	4	28	2196	0	0	0
4.236	1	4	424	7	4	28	2196	0	0	0
4.237	1	4	424	8	4	28	2196	0	0	0
4.246	1	4	425	7	4	28	2196	0	0	0
4.247	1	4	425	8	4	28	2196	0	0	0
4.256	1	4	426	7	4	28	2196	0	0	0
4.257	1	4	426	8	4	28	2196	0	0	0
4.266	1	4	427	7	4	28	2196	0	0	0
4.267	1	4	427	8	4	28	2196	0	0	0
4.276	1	4	428	7	4	28	2196	0	0	0
4.277	1	4	428	8	4	28	2196	0	0	0
4.286	1	4	429	7	4	28	2196	0	0	0
4.29	1	3	430	1	2	28	2196	0	0	0
4.296	1	4	430	7	4	28	2196	0	0	0
4.304	1	3	431	5	2	28	2196	0	0	0
4.306	1	4	431	7	4	28	2196	0	0	0
4.307	1	4	431	8	4	28	2196	0	0	0
4.316	1	4	432	7	4	28	2196	0	0	0
4.318	1	3	432	9	2	28	2196	0	0	0
4.326	1	4	433	7	4	28	2196	0	0	0
4.329	1	1	433	10	1	28	2196	0	0	0
4.33	1	1	434	1	1	28	2196	0	0	0
4.331	1	1	434	2	1	28	2196	0	0	0
4.332	1	3	434	3	2	28	2196	0	0	0
4.333	1	1	434	4	1	28	2196	0	0	0
4.334	1	1	434	5	1	28	2196	0	0	0
4.336	1	1	434	7	1	28	2196	0	0	0
4.337	1	4	434	8	4	28	2196	0	0	0
4.346	1	3	435	7	2	28	2196	0	0	0
4.347	1	1	435	8	1	28	2196	0	0	0
4.348	1	4	435	9	4	28	2196	0	0	0
4.356	1	1	436	7	1	28	2196	0	0	0
4.357	1	4	436	8	4	28	2196	0	0	0
4.36	1	3	437	1	2	28	2196	0	0	0
4.366	1	1	437	7	1	28	2196	0	0	0
4.367	1	4	437	8	4	28	2196	0	0	0
4.369	1	1	437	10	1	28	2196	0	0	0
4.374	1	3	438	5	2	28	2196	0	0	0
4.376	1	4	438	7	4	28	2196	0	0	0
4.386	1	1	439	7	1	28	2196	0	0	0
4.387	1	4	439	8	4	28	2196	0	0	0
4.388	1	3	439	9	2	28	2196	0	0	0
4.396	1	1	440	7	1	28	2196	0	0	0
4.397	1	4	440	8	4	28	2196	0	0	0
4.402	1	3	441	3	2	28	2196	0	0	0
4.406	1	1	441	7	1	28	2196	0	0	0
4.407	1	4	441	8	4	28	2196	0	0	0
4.416	1	1	442	7	1	28	2196	0	0	0
4.417	1	4	442	8	4	28	2196	0	0	0
4.426	1	1	443	7	1	28	2196	0	0	0
4.427	1	4	443	8	4	28	2196	0	0	0
4.436	1	1	444	7	1	28	2196	0	0	0
4.437	1	4	444	8	4	28	2196	0	0	0
4.439	1	2	444	10	6	28	2196	0	0	0
4.44	1	1	445	1	1	28	2196	0	0	0
4.446	1	4	445	7	4	28	2196	0	0	0
4.449	1	1	445	10	1	28	2196	0	0	0
4.453	1	3	446	4	2	28	2196	0	0	0
4.456	1	4	446	7	4	28	2196	0	0	0
4.466	1	1	447	7	1	28	2196	0	0	0
4.467	1	3	447	8	2	28	2196	0	0	0
4.468	1	4	447	9	4	28	2196	0	0	0
4.476	1	1	448	7	1	28	2196	0	0	0
4.477	1	4	448	8	4	28	2196	0	0	0
4.479	1	1	448	10	1	28	2196	0	0	0
4.481	1	3	449	2	2	28	2196	0	0	0
4.486	1	4	449	7	4	28	2196	0	0	0
4.494	1	3	450	5	2	28	2196	0	0	0
4.496	1	1	450	7	1	28	2196	0	0	0
4.497	1	4	450	8	4	28	2196	0	0	0
4.499	1	1	450	10	1	28	2196	0	0	0
4.506	1	4	451	7	4	28	2196	0	0	0
4.508	1	3	451	9	2	28	2196	0	0	0
4.516	1	1	452	7	1	28	2196	0	0	0
4.517	1	4	452	8	4	28	2196	0	0	0
4.522	1	3	453	3	2	28	2196	0	0	0
4.526	1	1	453	7	1	28	2196	0	0	0
4.527	1	4	453	8	4	28	2196	0	0	0
4.529	1	1	453	10	1	28	2196	0	0	0
4.536	1	3	454	7	2	28	2196	0	0	0
4.537	1	4	454	8	4	28	2196	0	0	0
4.546	1	4	455	7	4	28	2196	0	0	0
4.55	1	3	456	1	2	28	2196	0	0	0
4.556	1	4	456	7	4	28	2196	0	0	0
4.557	1	4	456	8	4	28	2196	0	0	0
4.558	1	4	456	9	4	28	2196	0	0	0
4.561	1	4	457	2	4	28	2196	0	0	0
4.564	1	3	457	5	2	28	2196	0	0	0
4.577	1	4	458	8	4	28	2196	0	0	0
4.578	1	3	458	9	2	28	2196	0	0	0
4.586	1	4	459	7	4	28	2196	0	0	0
4.592	1	3	460	3	2	28	2196	0	0	0
4.596	1	4	460	7	4	28	2196	0	0	0
4.606	1	3	461	7	2	28	2196	0	0	0
4.607	1	4	461	8	4	28	2196	0	0	0
4.609	1	4	461	10	4	28	2196	0	0	0
4.611	1	4	462	2	4	28	2196	0	0	0
4.619	1	4	462	10	4	28	2196	0	0	0
4.62	1	3	463	1	2	28	2196	0	0	0
4.621	1	4	463	2	4	28	2196	0	0	0
4.634	1	3	464	5	2	28	2196	0	0	0
4.636	1	4	464	7	4	28	2196	0	0	0
4.646	1	4	465	7	4	28	2196	0	0	0
4.648	1	3	465	9	2	28	2196	0	0	0
4.656	1	1	466	7	1	28	2196	0	0	0
4.657	1	1	466	8	1	28	2196	0	0	0
4.658	1	1	466	9	1	28	2196	0	0	0
4.659	1	1	466	10	1	28	2196	0	0	0
4.66	1	4	467	1	4	28	2196	0	0	0
4.662	1	3	467	3	2	28	2196	0	0	0
4.666	1	4	467	7	4	28	2196	0	0	0
4.676	1	3	468	7	2	28	2196	0	0	0
4.677	1	4	468	8	4	28	2196	0	0	0
4.686	1	4	469	7	4	28	2196	0	0	0
4.69	1	3	470	1	2	28	2196	0	0	0
4.696	1	4	470	7	4	28	2196	0	0	0
4.704	1	3	471	5	2	28	2196	0	0	0
4.706	1	4	471	7	4	28	2196	0	0	0
4.716	1	4	472	7	4	28	2196	0	0	0
4.718	1	3	472	9	2	28	2196	0	0	0
4.726	1	4	473	7	4	28	2196	0	0	0
4.732	1	3	474	3	2	28	2196	0	0	0
4.736	1	4	474	7	4	28	2196	0	0	0
4.746	1	3	475	7	2	28	2196	0	0	0
4.747	1	4	475	8	4	28	2196	0	0	0
4.756	1	1	476	7	1	28	2196	0	0	0
4.757	1	1	476	8	1	28	2196	0	0	0
4.758	1	1	476	9	1	28	2196	0	0	0
4.759	1	1	476	10	1	28	2196	0	0	0
4.76	1	1	477	1	1	28	2196	0	0	0
4.761	1	3	477	2	2	28	2196	0	0	0
4.762	1	1	477	3	1	28	2196	0	0	0
4.763	1	4	477	4	4	28	2196	0	0	0
4.766	1	4	477	7	4	28	2196	0	0	0
4.769	1	1	477	10	1	28	2196	0	0	0
4.773	1	3	478	4	2	28	2196	0	0	0
4.776	1	4	478	7	4	28	2196	0	0	0
4.779	1	1	478	10	1	28	2196	0	0	0
4.786	1	4	479	7	4	28	2196	0	0	0
4.787	1	3	479	8	2	28	2196	0	0	0
4.789	1	1	479	10	1	28	2196	0	0	0
4.796	1	4	480	7	4	28	2196	0	0	0
4.799	1	1	480	10	1	28	2196	0	0	0
4.801	1	3	481	2	2	28	2196	0	0	0
4.806	1	4	481	7	4	28	2196	0	0	0
4.809	1	4	481	10	4	28	2196	0	0	0
4.815	1	3	482	6	2	28	2196	0	0	0
4.826	1	4	483	7	4	28	2196	0	0	0
4.829	1	3	483	10	2	28	2196	0	0	0
4.836	1	4	484	7	4	28	2196	0	0	0
4.843	1	3	485	4	2	28	2196	0	0	0
4.846	1	4	485	7	4	28	2196	0	0	0
4.856	1	4	486	7	4	28	2196	0	0	0
4.857	1	3	486	8	2	28	2196	0	0	0
4.866	1	4	487	7	4	28	2196	0	0	0
4.871	1	3	488	2	2	28	2196	0	0	0
4.876	1	4	488	7	4	28	2196	0	0	0
4.885	1	3	489	6	2	28	2196	0	0	0
4.886	1	4	489	7	4	28	2196	0	0	0
4.896	1	4	490	7	4	28	2196	0	0	0
4.899	1	3	490	10	2	28	2196	0	0	0
4.906	1	4	491	7	4	28	2196	0	0	0
4.913	1	3	492	4	2	28	2196	0	0	0
4.916	1	4	492	7	4	28	2196	0	0	0
4.919	1	1	492	10	1	28	2196	0	0	0
4.92	1	1	493	1	1	28	2196	0	0	0
4.921	1	1	493	2	1	28	2196	0	0	0
4.922	1	1	493	3	1	28	2196	0	0	0
4.923	1	1	493	4	1	28	2196	0	0	0
4.926	1	4	493	7	4	28	2196	0	0	0
4.927	1	3	493	8	2	28	2196	0	0	0
4.929	1	1	493	10	1	28	2196	0	0	0
4.936	1	4	494	7	4	28	2196	0	0	0
4.939	1	1	494	10	1	28	2196	0	0	0
4.941	1	3	495	2	2	28	2196	0	0	0
4.946	1	4	495	7	4	28	2196	0	0	0
4.949	1	1	495	10	1	28	2196	0	0	0
4.955	1	3	496	6	2	28	2196	0	0	0
4.956	1	4	496	7	4	28	2196	0	0	0
4.959	1	1	496	10	1	28	2196	0	0	0
4.966	1	4	497	7	4	28	2196	0	0	0
4.969	1	3	497	10	2	28	2196	0	0	0
4.97	1	1	498	1	1	28	2196	0	0	0
4.976	1	4	498	7	4	28	2196	0	0	0
4.979	1	1	498	10	1	28	2196	0	0	0
4.983	1	3	499	4	2	28	2196	0	0	0
4.986	1	4	499	7	4	28	2196	0	0	0
4.987	1	4	499	8	4	28	2196	0	0	0
4.988	1	4	499	9	4	28	2196	0	0	0
4.991	1	4	500	2	4	28	2196	0	0	0
4.993	1	4	500	4	4	28	2196	0	0	0
4.996	1	4	500	7	4	28	2196	0	0	0
4.997	1	3	500	8	2	28	2196	0	0	0
4.998	1	4	500	9	4	28	2196	0	0	0
5.001	1	4	501	2	4	28	2196	0	0	0
5.009	1	1	501	10	1	28	2196	0	0	0
5.011	1	3	502	2	2	28	2196	0	0	0
5.013	2	5	502	4	2	28	2196	0	0	0
5.016	1	4	502	7	4	28	2196	0	0	0
5.024	1	3	503	5	2	28	2196	0	0	0
5.027	1	4	503	8	4	28	2196	0	0	0
5.029	1	4	503	10	4	28	2196	0	0	0
5.038	1	3	504	9	2	28	2196	0	0	0
5.039	1	4	504	10	4	28	2196	0	0	0
5.047	1	4	505	8	4	28	2196	0	0	0
5.049	1	4	505	10	4	28	2196	0	0	0
5.052	1	3	506	3	2	28	2196	0	0	0
5.066	1	3	507	7	2	28	2196	0	0	0
5.067	1	4	507	8	4	28	2196	0	0	0
5.068	1	4	507	9	4	28	2196	0	0	0
5.069	1	4	507	10	4	28	2196	0	0	0
5.08	1	3	509	1	2	28	2196	0	0	0
5.086	1	4	509	7	4	28	2196	0	0	0
5.087	1	4	509	8	4	28	2196	0	0	0
5.094	1	3	510	5	2	28	2196	0	0	0
5.096	1	4	510	7	4	28	2196	0	0	0
5.106	1	4	511	7	4	28	2196	0	0	0
5.108	1	3	511	9	2	28	2196	0	0	0
5.116	1	4	512	7	4	28	2196	0	0	0
5.119	1	1	512	10	1	28	2196	0	0	0
5.119	2	6	512	10	1	28	2196	0	0	0
5.122	1	3	513	3	2	28	2196	0	0	0
5.126	1	1	513	7	1	28	2196	0	0	0
5.126	2	6	513	7	1	28	2196	0	0	0
5.127	1	4	513	8	4	28	2196	0	0	0
5.133	1	1	514	4	1	28	2196	0	0	0
5.136	1	3	514	7	2	28	2196	0	0	0
5.137	1	4	514	8	4	28	2196	0	0	0
5.146	1	4	515	7	4	28	2196	0	0	0
5.147	1	4	515	8	4	28	2196	0	0	0
5.15	1	3	516	1	2	28	2196	0	0	0
5.151	1	4	516	2	4	28	2196	0	0	0
5.164	1	3	517	5	2	28	2196	0	0	0
5.167	1	4	517	8	4	28	2196	0	0	0
5.176	1	4	518	7	4	28	2196	0	0	0
5.178	1	3	518	9	2	28	2196	0	0	0
5.186	1	4	519	7	4	28	2196	0	0	0
5.188	1	4	519	9	4	28	2196	0	0	0
5.191	1	4	520	2	4	28	2196	0	0	0
5.192	1	3	520	3	2	28	2196	0	0	0
5.206	1	3	521	7	2	28	2196	0	0	0
5.207	1	4	521	8	4	28	2196	0	0	0
5.209	1	4	521	10	4	28	2196	0	0	0
5.211	1	4	522	2	4	28	2196	0	0	0
5.219	1	1	522	10	1	28	2196	0	0	0
5.22	1	1	523	1	1	28	2196	0	0	0
5.221	1	1	523	2	1	28	2196	0	0	0
5.222	1	1	523	3	1	28	2196	0	0	0
5.223	1	1	523	4	1	28	2196	0	0	0
5.224	1	3	523	5	2	28	2196	0	0	0
5.226	1	4	523	7	4	28	2196	0	0	0
5.234	1	3	524	5	2	28	2196	0	0	0
5.236	1	4	524	7	4	28	2196	0	0	0
5.246	1	4	525	7	4	28	2196	0	0	0
5.248	1	3	525	9	2	28	2196	0	0	0
5.249	1	4	525	10	4	28	2196	0	0	0
5.262	1	3	527	3	2	28	2196	0	0	0
5.266	1	4	527	7	4	28	2196	0	0	0
5.267	1	4	527	8	4	28	2196	0	0	0
5.27	1	4	528	1	4	28	2196	0	0	0
5.276	1	3	528	7	2	28	2196	0	0	0
5.287	1	4	529	8	4	28	2196	0	0	0
5.289	1	3	529	10	2	28	2196	0	0	0
5.296	1	4	530	7	4	28	2196	0	0	0
5.298	1	4	530	9	4	28	2196	0	0	0
5.301	1	4	531	2	4	28	2196	0	0	0
5.303	1	3	531	4	2	28	2196	0	0	0
5.317	1	3	532	8	2	28	2196	0	0	0
5.318	1	4	532	9	4	28	2196	0	0	0
5.319	1	1	532	10	1	28	2196	0	0	0
5.32	1	1	533	1	1	28	2196	0	0	0
5.321	1	1	533	2	1	28	2196	0	0	0
5.326	1	4	533	7	4	28	2196	0	0	0
5.331	1	3	534	2	2	28	2196	0	0	0
5.336	1	4	534	7	4	28	2196	0	0	0
5.345	1	3	535	6	2	28	2196	0	0	0
5.346	1	4	535	7	4	28	2196	0	0	0
5.347	1	4	535	8	4	28	2196	0	0	0
5.351	1	4	536	2	4	28	2196	0	0	0
5.359	1	3	536	10	2	28	2196	0	0	0
5.367	1	4	537	8	4	28	2196	0	0	0
5.373	1	3	538	4	2	28	2196	0	0	0
5.376	1	4	538	7	4	28	2196	0	0	0
5.379	1	4	538	10	4	28	2196	0	0	0
5.387	1	3	539	8	2	28	2196	0	0	0
5.396	1	4	540	7	4	28	2196	0	0	0
5.397	1	4	540	8	4	28	2196	0	0	0
5.401	1	3	541	2	2	28	2196	0	0	0
5.402	1	4	541	3	4	28	2196	0	0	0
5.415	1	3	542	6	2	28	2196	0	0	0
5.417	1	4	542	8	4	28	2196	0	0	0
5.419	1	1	542	10	1	28	2196	0	0	0
5.42	1	1	543	1	1	28	2196	0	0	0
5.421	1	1	543	2	1	28	2196	0	0	0
5.422	1	1	543	3	1	28	2196	0	0	0
5.423	1	1	543	4	1	28	2196	0	0	0
5.426	1	4	543	7	4	28	2196	0	0	0
5.429	1	1	543	10	1	28	2196	0	0	0
5.43	1	3	544	1	2	28	2196	0	0	0
5.436	1	4	544	7	4	28	2196	0	0	0
5.439	1	1	544	10	1	28	2196	0	0	0
5.443	1	3	545	4	2	28	2196	0	0	0
5.446	1	4	545	7	4	28	2196	0	0	0
5.449	1	1	545	10	1	28	2196	0	0	0
5.456	1	4	546	7	4	28	2196	0	0	0
5.457	1	3	546	8	2	28	2196	0	0	0
5.459	1	1	546	10	1	28	2196	0	0	0
5.466	1	4	547	7	4	28	2196	0	0	0
5.469	1	1	547	10	1	28	2196	0	0	0
5.471	1	3	548	2	2	28	2196	0	0	0
5.476	1	4	548	7	4	28	2196	0	0	0
5.478	1	4	548	9	4	28	2196	0	0	0
5.481	1	4	549	2	4	28	2196	0	0	0
5.485	1	3	549	6	2	28	2196	0	0	0
5.489	1	1	549	10	1	28	2196	0	0	0
5.496	1	4	550	7	4	28	2196	0	0	0
5.499	1	3	550	10	2	28	2196	0	0	0
5.5	1	4	551	1	4	28	2196	0	0	0
5.513	1	3	552	4	2	28	2196	0	0	0
5.516	1	4	552	7	4	28	2196	0	0	0
5.517	1	4	552	8	4	28	2196	0	0	0
5.526	1	4	553	7	4	28	2196	0	0	0
5.527	1	3	553	8	2	28	2196	0	0	0
5.536	1	4	554	7	4	28	2196	0	0	0
5.541	1	3	555	2	2	28	2196	0	0	0
5.546	1	4	555	7	4	28	2196	0	0	0
5.554	1	3	556	5	2	28	2196	0	0	0
5.556	1	4	556	7	4	28	2196	0	0	0
5.566	1	4	557	7	4	28	2196	0	0	0
5.568	1	3	557	9	2	28	2196	0	0	0
5.576	1	4	558	7	4	28	2196	0	0	0
5.577	1	4	558	8	4	28	2196	0	0	0
5.582	1	3	559	3	2	28	2196	0	0	0
5.586	1	4	559	7	4	28	2196	0	0	0
5.596	1	3	560	7	2	28	2196	0	0	0
5.597	1	4	560	8	4	28	2196	0	0	0
5.598	1	4	560	9	4	28	2196	0	0	0
5.609	1	1	561	10	1	28	2196	0	0	0
5.61	1	1	562	1	1	28	2196	0	0	0
5.611	1	1	562	2	1	28	2196	0	0	0
5.612	1	1	562	3	1	28	2196	0	0	0
5.613	1	1	562	4	1	28	2196	0	0	0
5.614	1	3	562	5	2	28	2196	0	0	0
5.615	1	1	562	6	1	28	2196	0	0	0
5.616	1	4	562	7	4	28	2196	0	0	0
5.617	1	4	562	8	4	28	2196	0	0	0
5.619	1	4	562	10	4	28	2196	0	0	0
5.621	1	4	563	2	4	28	2196	0	0	0
5.624	1	3	563	5	2	28	2196	0	0	0
5.625	1	4	563	6	4	28	2196	0	0	0
5.628	1	4	563	9	4	28	2196	0	0	0
5.632	1	4	564	3	4	28	2196	0	0	0
5.638	1	3	564	9	2	28	2196	0	0	0
5.647	1	4	565	8	4	28	2196	0	0	0
5.652	1	3	566	3	2	28	2196	0	0	0
5.656	1	4	566	7	4	28	2196	0	0	0
5.657	1	4	566	8	4	28	2196	0	0	0
5.661	1	4	567	2	4	28	2196	0	0	0
5.666	1	3	567	7	2	28	2196	0	0	0
5.677	1	4	568	8	4	28	2196	0	0	0
5.68	1	3	569	1	2	28	2196	0	0	0
5.686	1	4	569	7	4	28	2196	0	0	0
5.694	1	3	570	5	2	28	2196	0	0	0
5.696	1	4	570	7	4	28	2196	0	0	0
5.699	1	4	570	10	4	28	2196	0	0	0
5.708	1	3	571	9	2	28	2196	0	0	0
5.716	1	4	572	7	4	28	2196	0	0	0
5.722	1	3	573	3	2	28	2196	0	0	0
5.726	1	4	573	7	4	28	2196	0	0	0
5.736	1	3	574	7	2	28	2196	0	0	0
5.737	1	4	574	8	4	28	2196	0	0	0
5.739	1	4	574	10	4	28	2196	0	0	0
5.74	1	1	575	1	1	28	2196	0	0	0
5.741	1	1	575	2	1	28	2196	0	0	0
5.742	1	1	575	3	1	28	2196	0	0	0
5.743	1	1	575	4	1	28	2196	0	0	0
5.744	1	1	575	5	1	28	2196	0	0	0
5.75	1	3	576	1	2	28	2196	0	0	0
5.756	1	4	576	7	4	28	2196	0	0	0
5.764	1	3	577	5	2	28	2196	0	0	0
5.766	1	4	577	7	4	28	2196	0	0	0
5.769	1	4	577	10	4	28	2196	0	0	0
5.779	1	4	578	10	4	28	2196	0	0	0
5.78	1	4	579	1	4	28	2196	0	0	0
5.796	1	4	580	7	4	28	2196	0	0	0
5.799	1	4	580	10	4	28	2196	0	0	0
5.801	1	4	581	2	4	28	2196	0	0	0
5.809	1	4	581	10	4	28	2196	0	0	0
5.826	1	4	583	7	4	28	2196	0	0	0
5.836	1	4	584	7	4	28	2196	0	0	0
5.84	1	1	585	1	1	28	2196	0	0	0
5.841	1	1	585	2	1	28	2196	0	0	0
5.846	1	4	585	7	4	28	2196	0	0	0
5.849	1	4	585	10	4	28	2196	0	0	0
5.866	1	4	587	7	4	28	2196	0	0	0
5.876	1	4	588	7	4	28	2196	0	0	0
5.886	1	4	589	7	4	28	2196	0	0	0
5.896	1	4	590	7	4	28	2196	0	0	0
5.9	1	4	591	1	4	28	2196	0	0	0
5.917	1	4	592	8	4	28	2196	0	0	0
5.921	1	4	593	2	4	28	2196	0	0	0
5.936	1	4	594	7	4	28	2196	0	0	0
5.939	1	4	594	10	4	28	2196	0	0	0
5.94	1	1	595	1	1	28	2196	0	0	0
5.941	1	1	595	2	1	28	2196	0	0	0
5.942	1	1	595	3	1	28	2196	0	0	0
5.943	1	1	595	4	1	28	2196	0	0	0
5.944	1	4	595	5	4	28	2196	0	0	0
5.946	1	4	595	7	4	28	2196	0	0	0
5.949	1	4	595	10	4	28	2196	0	0	0
5.966	1	4	597	7	4	28	2196	0	0	0
5.969	1	4	597	10	4	28	2196	0	0	0
5.97	1	4	598	1	4	28	2196	0	0	0
5.974	1	4	598	5	4	28	2196	0	0	0
5.977	1	4	598	8	4	28	2196	0	0	0
5.981	1	4	599	2	4	28	2196	0	0	0
5.997	1	4	600	8	4	28	2196	0	0	0
6.006	1	4	601	7	4	28	2196	0	0	0
6.013	2	5	602	4	2	28	2196	0	0	0
6.016	1	4	602	7	4	28	2196	0	0	0
6.027	1	4	603	8	4	28	2196	0	0	0
6.036	1	4	604	7	4	28	2196	0	0	0
6.039	1	4	604	10	4	28	2196	0	0	0
6.04	1	1	605	1	1	28	2196	0	0	0
6.041	1	1	605	2	1	28	2196	0	0	0
6.042	1	1	605	3	1	28	2196	0	0	0
6.043	1	1	605	4	1	28	2196	0	0	0
6.056	1	4	606	7	4	28	2196	0	0	0
6.066	1	4	607	7	4	28	2196	0	0	0
6.076	1	4	608	7	4	28	2196	0	0	0
6.078	1	4	608	9	4	28	2196	0	0	0
6.081	1	4	609	2	4	28	2196	0	0	0
6.097	1	4	610	8	4	28	2196	0	0	0
6.106	1	4	611	7	4	28	2196	0	0	0
6.107	1	4	611	8	4	28	2196	0	0	0
6.11	1	4	612	1	4	28	2196	0	0	0
6.127	1	4	613	8	4	28	2196	0	0	0
6.136	1	4	614	7	4	28	2196	0	0	0
6.14	1	1	615	1	1	28	2196	0	0	0
6.14	2	6	615	1	1	28	2196	0	0	0
6.141	1	1	615	2	1	28	2196	0	0	0
6.142	1	1	615	3	1	28	2196	0	0	0
6.143	1	1	615	4	1	28	2196	0	0	0
6.144	1	1	615	5	1	28	2196	0	0	0
6.146	1	4	615	7	4	28	2196	0	0	0
6.147	1	1	615	8	1	28	2196	0	0	0
6.147	2	6	615	8	1	28	2196	0	0	0
6.154	1	1	616	5	1	28	2196	0	0	0
6.156	1	4	616	7	4	28	2196	0	0	0
6.166	1	4	617	7	4	28	2196	0	0	0
6.167	1	4	617	8	4	28	2196	0	0	0
6.171	1	4	618	2	4	28	2196	0	0	0
6.187	1	4	619	8	4	28	2196	0	0	0
6.189	1	4	619	10	4	28	2196	0	0	0
6.19	1	4	620	1	4	28	2196	0	0	0
6.194	1	4	620	5	4	28	2196	0	0	0
6.197	1	4	620	8	4	28	2196	0	0	0
6.201	1	4	621	2	4	28	2196	0	0	0
6.217	1	4	622	8	4	28	2196	0	0	0
6.219	1	4	622	10	4	28	2196	0	0	0
6.236	1	4	624	7	4	28	2196	0	0	0
6.239	1	4	624	10	4	28	2196	0	0	0
6.24	1	1	625	1	1	28	2196	0	0	0
6.241	1	1	625	2	1	28	2196	0	0	0
6.242	1	1	625	3	1	28	2196	0	0	0
6.243	1	1	625	4	1	28	2196	0	0	0
6.244	1	1	625	5	1	28	2196	0	0	0
6.256	1	4	626	7	4	28	2196	0	0	0
6.259	1	4	626	10	4	28	2196	0	0	0
6.26	1	4	627	1	4	28	2196	0	0	0
6.269	1	4	627	10	4	28	2196	0	0	0
6.279	1	4	628	10	4	28	2196	0	0	0
6.28	1	4	629	1	4	28	2196	0	0	0
6.296	1	4	630	7	4	28	2196	0	0	0
6.299	1	4	630	10	4	28	2196	0	0	0
6.301	1	4	631	2	4	28	2196	0	0	0
6.305	1	4	631	6	4	28	2196	0	0	0
6.309	1	4	631	10	4	28	2196	0	0	0
6.326	1	4	633	7	4	28	2196	0	0	0
6.329	1	4	633	10	4	28	2196	0	0	0
6.33	1	4	634	1	4	28	2196	0	0	0
6.34	1	1	635	1	1	28	2196	0	0	0
6.341	1	1	635	2	1	28	2196	0	0	0
6.346	1	4	635	7	4	28	2196	0	0	0
6.356	1	4	636	7	4	28	2196	0	0	0
6.366	1	4	637	7	4	28	2196	0	0	0
6.376	1	4	638	7	4	28	2196	0	0	0
6.379	1	4	638	10	4	28	2196	0	0	0
6.382	1	4	639	3	4	28	2196	0	0	0
6.385	1	4	639	6	4	28	2196	0	0	0
6.389	1	4	639	10	4	28	2196	0	0	0
6.407	1	4	641	8	4	28	2196	0	0	0
6.416	1	4	642	7	4	28	2196	0	0	0
6.426	1	4	643	7	4	28	2196	0	0	0
6.429	1	4	643	10	4	28	2196	0	0	0
6.433	1	4	644	4	4	28	2196	0	0	0
6.437	1	4	644	8	4	28	2196	0	0	0
6.44	1	1	645	1	1	28	2196	0	0	0
6.441	1	1	645	2	1	28	2196	0	0	0
6.442	1	1	645	3	1	28	2196	0	0	0
6.443	1	1	645	4	1	28	2196	0	0	0
6.444	1	1	645	5	1	28	2196	0	0	0
6.445	1	4	645	6	4	28	2196	0	0	0
6.447	1	4	645	8	4	28	2196	0	0	0
6.451	1	4	646	2	4	28	2196	0	0	0
6.467	1	4	647	8	4	28	2196	0	0	0
6.476	1	4	648	7	4	28	2196	0	0	0
6.479	1	4	648	10	4	28	2196	0	0	0
6.496	1	4	650	7	4	28	2196	0	0	0
6.497	1	4	650	8	4	28	2196	0	0	0
6.501	1	4	651	2	4	28	2196	0	0	0
6.517	1	4	652	8	4	28	2196	0	0	0
6.526	1	4	653	7	4	28	2196	0	0	0
6.528	1	4	653	9	4	28	2196	0	0	0
6.54	1	1	655	1	1	28	2196	0	0	0
6.541	1	1	655	2	1	28	2196	0	0	0
6.542	1	1	655	3	1	28	2196	0	0	0
6.546	1	4	655	7	4	28	2196	0	0	0
6.547	1	4	655	8	4	28	2196	0	0	0
6.556	1	4	656	7	4	28	2196	0	0	0
6.566	1	4	657	7	4	28	2196	0	0	0
6.569	1	4	657	10	4	28	2196	0	0	0
6.57	1	4	658	1	4	28	2196	0	0	0
6.579	1	4	658	10	4	28	2196	0	0	0
6.581	1	4	659	2	4	28	2196	0	0	0
6.596	1	4	660	7	4	28	2196	0	0	0
6.606	1	4	661	7	4	28	2196	0	0	0
6.607	1	4	661	8	4	28	2196	0	0	0
6.611	1	4	662	2	4	28	2196	0	0	0
6.626	1	4	663	7	4	28	2196	0	0	0
6.627	1	4	663	8	4	28	2196	0	0	0
6.631	1	4	664	2	4	28	2196	0	0	0
6.64	1	1	665	1	1	28	2196	0	0	0
6.641	1	1	665	2	1	28	2196	0	0	0
6.642	1	1	665	3	1	28	2196	0	0	0
6.643	1	1	665	4	1	28	2196	0	0	0
6.644	1	1	665	5	1	28	2196	0	0	0
6.645	1	4	665	6	4	28	2196	0	0	0
6.656	1	4	666	7	4	28	2196	0	0	0
6.666	1	4	667	7	4	28	2196	0	0	0
6.669	1	4	667	10	4	28	2196	0	0	0
6.686	1	4	669	7	4	28	2196	0	0	0
6.696	1	4	670	7	4	28	2196	0	0	0
6.699	1	4	670	10	4	28	2196	0	0	0
6.703	1	4	671	4	4	28	2196	0	0	0
6.706	1	4	671	7	4	28	2196	0	0	0
6.71	1	4	672	1	4	28	2196	0	0	0
6.719	1	4	672	10	4	28	2196	0	0	0
6.722	1	4	673	3	4	28	2196	0	0	0
6.725	1	4	673	6	4	28	2196	0	0	0
6.73	1	4	674	1	4	28	2196	0	0	0
6.74	1	1	675	1	1	28	2196	0	0	0
6.741	1	1	675	2	1	28	2196	0	0	0
6.747	1	4	675	8	4	28	2196	0	0	0
6.757	1	4	676	8	4	28	2196	0	0	0
6.766	1	4	677	7	4	28	2196	0	0	0
6.768	1	4	677	9	4	28	2196	0	0	0
6.787	1	4	679	8	4	28	2196	0	0	0
6.788	1	4	679	9	4	28	2196	0	0	0
6.789	1	4	679	10	4	28	2196	0	0	0
6.799	1	4	680	10	4	28	2196	0	0	0
6.809	1	4	681	10	4	28	2196	0	0	0
6.819	1	4	682	10	4	28	2196	0	0	0
6.821	1	4	683	2	4	28	2196	0	0	0
6.829	1	4	683	10	4	28	2196	0	0	0
6.84	1	1	685	1	1	28	2196	0	0	0
6.841	1	1	685	2	1	28	2196	0	0	0
6.842	1	1	685	3	1	28	2196	0	0	0
6.843	1	1	685	4	1	28	2196	0	0	0
6.846	1	4	685	7	4	28	2196	0	0	0
6.85	1	4	686	1	4	28	2196	0	0	0
6.86	1	4	687	1	4	28	2196	0	0	0
6.869	1	4	687	10	4	28	2196	0	0	0
6.874	1	4	688	5	4	28	2196	0	0	0
6.879	1	4	688	10	4	28	2196	0	0	0
6.897	1	4	690	8	4	28	2196	0	0	0
6.899	1	4	690	10	4	28	2196	0	0	0
6.904	1	4	691	5	4	28	2196	0	0	0
6.909	1	4	691	10	4	28	2196	0	0	0
6.915	1	4	692	6	4	28	2196	0	0	0
6.92	1	4	693	1	4	28	2196	0	0	0
6.925	1	4	693	6	4	28	2196	0	0	0
6.93	1	4	694	1	4	28	2196	0	0	0
6.94	1	1	695	1	1	28	2196	0	0	0
6.941	1	1	695	2	1	28	2196	0	0	0
6.942	1	1	695	3	1	28	2196	0	0	0
6.943	1	1	695	4	1	28	2196	0	0	0
6.944	1	1	695	5	1	28	2196	0	0	0
6.948	1	4	695	9	4	28	2196	0	0	0
6.951	1	4	696	2	4	28	2196	0	0	0
6.96	1	4	697	1	4	28	2196	0	0	0
6.969	1	4	697	10	4	28	2196	0	0	0
6.974	1	4	698	5	4	28	2196	0	0	0
6.98	1	4	699	1	4	28	2196	0	0	0
6.996	1	4	700	7	4	28	2196	0	0	0
7.006	1	4	701	7	4	28	2196	0	0	0
7.011	1	4	702	2	4	28	2196	0	0	0
7.012	2	5	702	3	2	28	2196	0	0	0
7.221	2	4	723	2	3	0	81	0	0	0
7.222	2	4	723	3	3	0	81	0	0	0
7.223	2	4	723	4	3	0	81	0	0	0
7.224	2	4	723	5	3	0	81	0	0	0
7.225	2	4	723	6	3	0	81	0	0	0
7.226	2	4	723	7	3	28	2196	0	0	0
7.227	2	4	723	8	3	28	2196	0	0	0
7.232	2	4	724	3	3	28	2196	0	0	0
7.237	2	4	724	8	3	28	2196	0	0	0
7.243	2	4	725	4	3	28	2196	0	0	0
7.251	2	4	726	2	3	28	2196	0	0	0
7.259	2	4	726	10	3	28	2196	0	0	0
7.267	2	4	727	8	3	28	2196	0	0	0
7.276	2	4	728	7	3	28	2196	0	0	0
7.284	2	4	729	5	3	28	2196	0	0	0
7.292	2	4	730	3	3	28	2196	0	0	0
7.3	2	4	731	1	3	28	2196	0	0	0
7.301	1	1	731	2	1	28	2196	0	0	0
7.308	2	4	731	9	3	28	2196	0	0	0
7.316	2	4	732	7	3	28	2196	0	0	0
7.324	2	4	733	5	3	28	2196	0	0	0
7.332	2	4	734	3	3	28	2196	0	0	0
7.341	2	4	735	2	3	28	2196	0	0	0
7.349	2	4	735	10	3	28	2196	0	0	0
7.357	2	4	736	8	3	28	2196	0	0	0
7.361	1	1	737	2	1	28	2196	0	0	0
7.365	2	4	737	6	3	28	2196	0	0	0
7.371	1	1	738	2	1	28	2196	0	0	0
7.373	1	1	738	4	1	28	2196	0	0	0
7.373	2	4	738	4	3	28	2196	0	0	0
7.375	1	1	738	6	1	28	2196	0	0	0
7.377	1	1	738	8	1	28	2196	0	0	0
7.379	1	1	738	10	1	28	2196	0	0	0
7.38	1	1	739	1	1	28	2196	0	0	0
7.38	2	4	739	1	3	28	2196	0	0	0
7.381	1	1	739	2	1	28	2196	0	0	0
7.381	2	4	739	2	3	28	2196	0	0	0
7.383	1	1	739	4	1	28	2196	0	0	0
7.385	1	1	739	6	1	28	2196	0	0	0
7.386	1	1	739	7	1	28	2196	0	0	0
7.387	1	1	739	8	1	28	2196	0	0	0
7.387	2	4	739	8	3	28	2196	0	0	0
7.388	1	1	739	9	1	28	2196	0	0	0
7.388	2	4	739	9	3	28	2196	0	0	0
7.389	2	4	739	10	3	14	775	0	0	0
7.394	1	1	740	5	1	28	2196	0	0	0
7.395	1	1	740	6	1	28	2196	0	0	0
7.395	2	4	740	6	3	28	2196	0	0	0
7.396	2	4	740	7	3	14	775	0	0	0
7.402	1	1	741	3	1	28	2196	0	0	0
7.402	2	4	741	3	3	28	2196	0	0	0
7.403	1	1	741	4	1	28	2196	0	0	0
7.408	2	4	741	9	3	28	2196	0	0	0
7.409	2	4	741	10	3	28	2196	0	0	0
7.413	1	1	742	4	1	28	2196	0	0	0
7.414	2	4	742	5	3	28	2196	0	0	0
7.42	2	4	743	1	3	28	2196	0	0	0
7.423	1	1	743	4	1	28	2196	0	0	0
7.426	2	4	743	7	3	28	2196	0	0	0
7.431	2	4	744	2	3	28	2196	0	0	0
7.433	1	1	744	4	1	28	2196	0	0	0
7.438	2	4	744	9	3	28	2196	0	0	0
7.443	1	1	745	4	1	28	2196	0	0	0
7.444	2	4	745	5	3	28	2196	0	0	0
7.449	2	4	745	10	3	28	2196	0	0	0
7.453	1	1	746	4	1	28	2196	0	0	0
7.455	2	4	746	6	3	28	2196	0	0	0
7.461	2	4	747	2	3	28	2196	0	0	0
7.463	1	1	747	4	1	28	2196	0	0	0
7.467	2	4	747	8	3	28	2196	0	0	0
7.473	1	1	748	4	1	28	2196	0	0	0
7.473	2	4	748	4	3	28	2196	0	0	0
7.479	2	4	748	10	3	28	2196	0	0	0
7.48	1	1	749	1	1	28	2196	0	0	0
7.48	2	4	749	1	3	28	2196	0	0	0
7.483	1	1	749	4	1	28	2196	0	0	0
7.485	2	4	749	6	3	28	2196	0	0	0
7.487	1	1	749	8	1	28	2196	0	0	0
7.487	2	4	749	8	3	28	2196	0	0	0
7.49	2	4	750	1	3	28	2196	0	0	0
7.493	1	1	750	4	1	28	2196	0	0	0
7.494	1	1	750	5	1	28	2196	0	0	0
7.497	2	4	750	8	3	28	2196	0	0	0
7.502	2	4	751	3	3	28	2196	0	0	0
7.503	1	1	751	4	1	28	2196	0	0	0
7.508	2	4	751	9	3	28	2196	0	0	0
7.513	1	1	752	4	1	28	2196	0	0	0
7.515	2	4	752	6	3	28	2196	0	0	0
7.52	2	4	753	1	3	28	2196	0	0	0
7.523	1	1	753	4	1	28	2196	0	0	0
7.526	2	4	753	7	3	28	2196	0	0	0
7.531	2	4	754	2	3	28	2196	0	0	0
7.533	1	1	754	4	1	28	2196	0	0	0
7.538	2	4	754	9	3	28	2196	0	0	0
7.543	1	1	755	4	1	28	2196	0	0	0
7.544	2	4	755	5	3	28	2196	0	0	0
7.549	2	4	755	10	3	28	2196	0	0	0
7.553	1	1	756	4	1	28	2196	0	0	0
7.556	2	4	756	7	3	28	2196	0	0	0
7.561	2	4	757	2	3	28	2196	0	0	0
7.563	1	1	757	4	1	28	2196	0	0	0
7.567	2	4	757	8	3	28	2196	0	0	0
7.573	1	1	758	4	1	28	2196	0	0	0
7.573	2	4	758	4	3	28	2196	0	0	0
7.579	2	4	758	10	3	28	2196	0	0	0
7.58	1	1	759	1	1	28	2196	0	0	0
7.58	2	4	759	1	3	28	2196	0	0	0
7.583	1	1	759	4	1	28	2196	0	0	0
7.585	2	4	759	6	3	28	2196	0	0	0
7.587	1	1	759	8	1	28	2196	0	0	0
7.587	2	4	759	8	3	28	2196	0	0	0
7.591	2	4	760	2	3	28	2196	0	0	0
7.593	1	1	760	4	1	28	2196	0	0	0
7.594	1	1	760	5	1	28	2196	0	0	0
7.597	2	4	760	8	3	28	2196	0	0	0
7.603	1	1	761	4	1	28	2196	0	0	0
7.603	2	4	761	4	3	28	2196	0	0	0
7.609	2	4	761	10	3	28	2196	0	0	0
7.61	1	1	762	1	1	28	2196	0	0	0
7.61	2	4	762	1	3	28	2196	0	0	0
7.613	1	1	762	4	1	28	2196	0	0	0
7.615	2	4	762	6	3	28	2196	0	0	0
7.617	1	1	762	8	1	28	2196	0	0	0
7.617	2	4	762	8	3	28	2196	0	0	0
7.62	2	4	763	1	3	28	2196	0	0	0
7.623	1	1	763	4	1	28	2196	0	0	0
7.624	1	1	763	5	1	28	2196	0	0	0
7.626	2	4	763	7	3	28	2196	0	0	0
7.632	2	4	764	3	3	28	2196	0	0	0
7.633	1	1	764	4	1	28	2196	0	0	0
7.638	2	4	764	9	3	28	2196	0	0	0
7.643	1	1	765	4	1	28	2196	0	0	0
7.644	2	4	765	5	3	28	2196	0	0	0
7.65	2	4	766	1	3	28	2196	0	0	0
7.653	1	1	766	4	1	28	2196	0	0	0
7.656	2	4	766	7	3	28	2196	0	0	0
7.661	2	4	767	2	3	28	2196	0	0	0
7.663	1	1	767	4	1	28	2196	0	0	0
7.668	2	4	767	9	3	28	2196	0	0	0
7.673	1	1	768	4	1	28	2196	0	0	0
7.674	2	4	768	5	3	28	2196	0	0	0
7.679	2	4	768	10	3	28	2196	0	0	0
7.683	1	1	769	4	1	28	2196	0	0	0
7.686	2	4	769	7	3	28	2196	0	0	0
7.691	2	4	770	2	3	28	2196	0	0	0
7.693	1	1	770	4	1	28	2196	0	0	0
7.697	2	4	770	8	3	28	2196	0	0	0
7.703	1	1	771	4	1	28	2196	0	0	0
7.703	2	4	771	4	3	28	2196	0	0	0
7.709	2	4	771	10	3	28	2196	0	0	0
7.71	1	1	772	1	1	28	2196	0	0	0
7.71	2	4	772	1	3	28	2196	0	0	0
7.713	1	1	772	4	1	28	2196	0	0	0
7.715	2	4	772	6	3	28	2196	0	0	0
7.717	1	1	772	8	1	28	2196	0	0	0
7.717	2	4	772	8	3	28	2196	0	0	0
7.72	2	4	773	1	3	28	2196	0	0	0
7.723	1	1	773	4	1	28	2196	0	0	0
7.724	1	1	773	5	1	28	2196	0	0	0
7.727	2	4	773	8	3	28	2196	0	0	0
7.732	2	4	774	3	3	28	2196	0	0	0
7.733	1	1	774	4	1	28	2196	0	0	0
7.738	2	4	774	9	3	28	2196	0	0	0
7.743	1	1	775	4	1	28	2196	0	0	0
7.745	2	4	775	6	3	28	2196	0	0	0
7.75	2	4	776	1	3	28	2196	0	0	0
7.753	1	1	776	4	1	28	2196	0	0	0
7.756	2	4	776	7	3	28	2196	0	0	0
7.762	2	4	777	3	3	28	2196	0	0	0
7.763	1	1	777	4	1	28	2196	0	0	0
7.768	2	4	777	9	3	28	2196	0	0	0
7.773	1	1	778	4	1	28	2196	0	0	0
7.774	2	4	778	5	3	28	2196	0	0	0
7.78	2	4	779	1	3	28	2196	0	0	0
7.783	1	1	779	4	1	28	2196	0	0	0
7.786	2	4	779	7	3	28	2196	0	0	0
7.791	2	4	780	2	3	28	2196	0	0	0
7.793	1	1	780	4	1	28	2196	0	0	0
7.797	2	4	780	8	3	28	2196	0	0	0
7.803	1	1	781	4	1	28	2196	0	0	0
7.803	2	4	781	4	3	28	2196	0	0	0
7.809	2	4	781	10	3	28	2196	0	0	0
7.81	1	1	782	1	1	28	2196	0	0	0
7.81	2	4	782	1	3	28	2196	0	0	0
7.813	1	1	782	4	1	28	2196	0	0	0
7.815	2	4	782	6	3	28	2196	0	0	0
7.817	1	1	782	8	1	28	2196	0	0	0
7.817	2	4	782	8	3	28	2196	0	0	0
7.821	2	4	783	2	3	28	2196	0	0	0
7.823	1	1	783	4	1	28	2196	0	0	0
7.824	1	1	783	5	1	28	2196	0	0	0
7.827	2	4	783	8	3	28	2196	0	0	0
7.833	1	1	784	4	1	28	2196	0	0	0
7.833	2	4	784	4	3	28	2196	0	0	0
7.839	2	4	784	10	3	28	2196	0	0	0
7.84	1	1	785	1	1	28	2196	0	0	0
7.84	2	4	785	1	3	28	2196	0	0	0
7.843	1	1	785	4	1	28	2196	0	0	0
7.845	2	4	785	6	3	28	2196	0	0	0
7.847	1	1	785	8	1	28	2196	0	0	0
7.847	2	4	785	8	3	28	2196	0	0	0
7.85	2	4	786	1	3	28	2196	0	0	0
7.853	1	1	786	4	1	28	2196	0	0	0
7.854	1	1	786	5	1	28	2196	0	0	0
7.857	2	4	786	8	3	28	2196	0	0	0
7.862	2	4	787	3	3	28	2196	0	0	0
7.863	1	1	787	4	1	28	2196	0	0	0
7.868	2	4	787	9	3	28	2196	0	0	0
7.873	1	1	788	4	1	28	2196	0	0	0
7.875	2	4	788	6	3	28	2196	0	0	0
7.88	2	4	789	1	3	28	2196	0	0	0
7.883	1	1	789	4	1	28	2196	0	0	0
7.886	2	4	789	7	3	28	2196	0	0	0
7.891	2	4	790	2	3	28	2196	0	0	0
7.893	1	1	790	4	1	28	2196	0	0	0
7.898	2	4	790	9	3	28	2196	0	0	0
7.903	1	1	791	4	1	28	2196	0	0	0
7.904	2	4	791	5	3	28	2196	0	0	0
7.909	2	4	791	10	3	28	2196	0	0	0
7.913	1	1	792	4	1	28	2196	0	0	0
7.916	2	4	792	7	3	28	2196	0	0	0
7.921	2	4	793	2	3	28	2196	0	0	0
7.923	1	1	793	4	1	28	2196	0	0	0
7.927	2	4	793	8	3	28	2196	0	0	0
7.933	1	1	794	4	1	28	2196	0	0	0
7.933	2	4	794	4	3	28	2196	0	0	0
7.939	2	4	794	10	3	28	2196	0	0	0
7.94	1	1	795	1	1	28	2196	0	0	0
7.94	2	4	795	1	3	28	2196	0	0	0
7.943	1	1	795	4	1	28	2196	0	0	0
7.945	2	4	795	6	3	28	2196	0	0	0
7.947	1	1	795	8	1	28	2196	0	0	0
7.947	2	4	795	8	3	28	2196	0	0	0
7.951	2	4	796	2	3	28	2196	0	0	0
7.953	1	1	796	4	1	28	2196	0	0	0
7.954	1	1	796	5	1	28	2196	0	0	0
7.957	2	4	796	8	3	28	2196	0	0	0
7.962	2	4	797	3	3	28	2196	0	0	0
7.963	1	1	797	4	1	28	2196	0	0	0
7.968	2	4	797	9	3	28	2196	0	0	0
7.973	1	1	798	4	1	28	2196	0	0	0
7.975	2	4	798	6	3	28	2196	0	0	0
7.98	2	4	799	1	3	28	2196	0	0	0
7.983	1	1	799	4	1	28	2196	0	0	0
7.986	2	4	799	7	3	28	2196	0	0	0
7.992	2	4	800	3	3	28	2196	0	0	0
7.993	1	1	800	4	1	28	2196	0	0	0
7.998	2	4	800	9	3	28	2196	0	0	0
8.003	1	1	801	4	1	28	2196	0	0	0
8.004	2	4	801	5	3	28	2196	0	0	0
8.01	2	4	802	1	3	28	2196	0	0	0
8.012	2	6	802	3	1	28	2196	0	0	0
8.014	1	1	802	5	1	28	2196	0	0	0
8.016	2	4	802	7	3	28	2196	0	0	0
8.021	2	4	803	2	3	28	2196	0	0	0
8.023	1	1	803	4	1	28	2196	0	0	0
8.028	2	4	803	9	3	28	2196	0	0	0
8.033	1	1	804	4	1	28	2196	0	0	0
8.034	2	4	804	5	3	28	2196	0	0	0
8.039	2	4	804	10	3	28	2196	0	0	0
8.043	1	1	805	4	1	28	2196	0	0	0
8.045	2	4	805	6	3	28	2196	0	0	0
8.051	2	4	806	2	3	28	2196	0	0	0
8.053	1	1	806	4	1	28	2196	0	0	0
8.057	2	4	806	8	3	28	2196	0	0	0
8.063	1	1	807	4	1	28	2196	0	0	0
8.063	2	4	807	4	3	28	2196	0	0	0
8.069	2	4	807	10	3	28	2196	0	0	0
8.07	1	1	808	1	1	28	2196	0	0	0
8.07	2	4	808	1	3	28	2196	0	0	0
8.073	1	1	808	4	1	28	2196	0	0	0
8.075	2	4	808	6	3	28	2196	0	0	0
8.077	1	1	808	8	1	28	2196	0	0	0
8.077	2	4	808	8	3	28	2196	0	0	0
8.08	2	4	809	1	3	28	2196	0	0	0
8.083	1	1	809	4	1	28	2196	0	0	0
8.084	1	1	809	5	1	28	2196	0	0	0
8.087	2	4	809	8	3	28	2196	0	0	0
8.092	2	4	810	3	3	28	2196	0	0	0
8.093	1	1	810	4	1	28	2196	0	0	0
8.098	2	4	810	9	3	28	2196	0	0	0
8.103	1	1	811	4	1	28	2196	0	0	0
8.105	2	4	811	6	3	28	2196	0	0	0
8.11	2	4	812	1	3	28	2196	0	0	0
8.113	1	1	812	4	1	28	2196	0	0	0
8.116	2	4	812	7	3	28	2196	0	0	0
8.121	2	4	813	2	3	28	2196	0	0	0
8.123	1	1	813	4	1	28	2196	0	0	0
8.128	2	4	813	9	3	28	2196	0	0	0
8.133	1	1	814	4	1	28	2196	0	0	0
8.134	2	4	814	5	3	28	2196	0	0	0
8.139	2	4	814	10	3	28	2196	0	0	0
8.143	1	1	815	4	1	28	2196	0	0	0
8.146	2	4	815	7	3	28	2196	0	0	0
8.151	2	4	816	2	3	28	2196	0	0	0
8.153	1	1	816	4	1	28	2196	0	0	0
8.157	2	4	816	8	3	28	2196	0	0	0
8.163	1	1	817	4	1	28	2196	0	0	0
8.163	2	4	817	4	3	28	2196	0	0	0
8.169	2	4	817	10	3	28	2196	0	0	0
8.17	1	1	818	1	1	28	2196	0	0	0
8.17	2	4	818	1	3	28	2196	0	0	0
8.173	1	1	818	4	1	28	2196	0	0	0
8.175	2	4	818	6	3	28	2196	0	0	0
8.177	1	1	818	8	1	28	2196	0	0	0
8.177	2	4	818	8	3	28	2196	0	0	0
8.181	2	4	819	2	3	28	2196	0	0	0
8.183	1	1	819	4	1	28	2196	0	0	0
8.184	1	1	819	5	1	28	2196	0	0	0
8.187	2	4	819	8	3	28	2196	0	0	0
8.193	1	1	820	4	1	28	2196	0	0	0
8.193	2	4	820	4	3	28	2196	0	0	0
8.199	2	4	820	10	3	28	2196	0	0	0
8.2	1	1	821	1	1	28	2196	0	0	0
8.2	2	4	821	1	3	28	2196	0	0	0
8.203	1	1	821	4	1	28	2196	0	0	0
8.205	2	4	821	6	3	28	2196	0	0	0
8.207	1	1	821	8	1	28	2196	0	0	0
8.207	2	4	821	8	3	28	2196	0	0	0
8.21	2	4	822	1	3	28	2196	0	0	0
8.213	1	1	822	4	1	28	2196	0	0	0
8.214	1	1	822	5	1	28	2196	0	0	0
8.216	2	4	822	7	3	28	2196	0	0	0
8.222	2	4	823	3	3	28	2196	0	0	0
8.223	1	1	823	4	1	28	2196	0	0	0
8.228	2	4	823	9	3	28	2196	0	0	0
8.233	1	1	824	4	1	28	2196	0	0	0
8.234	2	4	824	5	3	28	2196	0	0	0
8.24	2	4	825	1	3	28	2196	0	0	0
8.243	1	1	825	4	1	28	2196	0	0	0
8.246	2	4	825	7	3	28	2196	0	0	0
8.251	2	4	826	2	3	28	2196	0	0	0
8.253	1	1	826	4	1	28	2196	0	0	0
8.258	2	4	826	9	3	28	2196	0	0	0
8.263	1	1	827	4	1	28	2196	0	0	0
8.264	2	4	827	5	3	28	2196	0	0	0
8.269	2	4	827	10	3	28	2196	0	0	0
8.273	1	1	828	4	1	28	2196	0	0	0
8.276	2	4	828	7	3	28	2196	0	0	0
8.281	2	4	829	2	3	28	2196	0	0	0
8.283	1	1	829	4	1	28	2196	0	0	0
8.287	2	4	829	8	3	28	2196	0	0	0
8.293	1	1	830	4	1	28	2196	0	0	0
8.293	2	4	830	4	3	28	2196	0	0	0
8.299	2	4	830	10	3	28	2196	0	0	0
8.3	1	1	831	1	1	28	2196	0	0	0
8.3	2	4	831	1	3	28	2196	0	0	0
8.303	1	1	831	4	1	28	2196	0	0	0
8.305	2	4	831	6	3	28	2196	0	0	0
8.307	1	1	831	8	1	28	2196	0	0	0
8.307	2	4	831	8	3	28	2196	0	0	0
8.31	2	4	832	1	3	28	2196	0	0	0
8.313	1	1	832	4	1	28	2196	0	0	0
8.314	1	1	832	5	1	28	2196	0	0	0
8.317	2	4	832	8	3	28	2196	0	0	0
8.322	2	4	833	3	3	28	2196	0	0	0
8.323	1	1	833	4	1	28	2196	0	0	0
8.329	2	4	833	10	3	28	2196	0	0	0
8.333	1	1	834	4	1	28	2196	0	0	0
8.339	2	4	834	10	3	28	2196	0	0	0
8.343	1	1	835	4	1	28	2196	0	0	0
8.348	2	4	835	9	3	28	2196	0	0	0
8.353	1	1	836	4	1	28	2196	0	0	0
8.358	2	4	836	9	3	28	2196	0	0	0
8.363	1	1	837	4	1	28	2196	0	0	0
8.368	2	4	837	9	3	28	2196	0	0	0
8.373	1	1	838	4	1	28	2196	0	0	0
8.378	2	4	838	9	3	28	2196	0	0	0
8.383	1	1	839	4	1	28	2196	0	0	0
8.388	2	4	839	9	3	28	2196	0	0	0
8.393	1	1	840	4	1	28	2196	0	0	0
8.397	2	4	840	8	3	28	2196	0	0	0
8.403	1	1	841	4	1	28	2196	0	0	0
8.407	2	4	841	8	3	28	2196	0	0	0
8.413	1	1	842	4	1	28	2196	0	0	0
8.417	2	4	842	8	3	28	2196	0	0	0
8.423	1	1	843	4	1	28	2196	0	0	0
8.427	2	4	843	8	3	28	2196	0	0	0
8.433	1	1	844	4	1	28	2196	0	0	0
8.436	2	4	844	7	3	28	2196	0	0	0
8.443	1	1	845	4	1	28	2196	0	0	0
8.446	2	4	845	7	3	28	2196	0	0	0
8.453	1	1	846	4	1	28	2196	0	0	0
8.456	2	4	846	7	3	28	2196	0	0	0
8.463	1	1	847	4	1	28	2196	0	0	0
8.466	2	4	847	7	3	28	2196	0	0	0
8.473	1	1	848	4	1	28	2196	0	0	0
8.476	2	4	848	7	3	28	2196	0	0	0
8.483	1	1	849	4	1	28	2196	0	0	0
8.485	2	4	849	6	3	28	2196	0	0	0
8.493	1	1	850	4	1	28	2196	0	0	0
8.495	2	4	850	6	3	28	2196	0	0	0
8.503	1	1	851	4	1	28	2196	0	0	0
8.505	2	4	851	6	3	28	2196	0	0	0
8.513	1	1	852	4	1	28	2196	0	0	0
8.515	2	4	852	6	3	28	2196	0	0	0
8.523	1	1	853	4	1	28	2196	0	0	0
8.524	2	4	853	5	3	28	2196	0	0	0
8.533	1	1	854	4	1	28	2196	0	0	0
8.534	2	4	854	5	3	28	2196	0	0	0
8.543	1	1	855	4	1	28	2196	0	0	0
8.544	2	4	855	5	3	28	2196	0	0	0
8.553	1	1	856	4	1	28	2196	0	0	0
8.553	2	4	856	4	3	28	2196	0	0	0
8.56	1	1	857	1	1	28	2196	0	0	0
8.56	2	4	857	1	3	28	2196	0	0	0
8.563	1	1	857	4	1	28	2196	0	0	0
8.563	2	4	857	4	3	28	2196	0	0	0
8.567	1	1	857	8	1	28	2196	0	0	0
8.567	2	4	857	8	3	28	2196	0	0	0
8.57	1	1	858	1	1	28	2196	0	0	0
8.57	2	4	858	1	3	28	2196	0	0	0
8.573	1	1	858	4	1	28	2196	0	0	0
8.573	2	4	858	4	3	28	2196	0	0	0
8.574	1	1	858	5	1	28	2196	0	0	0
8.577	1	1	858	8	1	28	2196	0	0	0
8.577	2	4	858	8	3	28	2196	0	0	0
8.58	1	1	859	1	1	28	2196	0	0	0
8.58	2	4	859	1	3	28	2196	0	0	0
8.582	2	4	859	3	3	28	2196	0	0	0
8.583	1	1	859	4	1	28	2196	0	0	0
8.584	1	1	859	5	1	28	2196	0	0	0
8.587	1	1	859	8	1	28	2196	0	0	0
8.587	2	4	859	8	3	28	2196	0	0	0
8.592	2	4	860	3	3	28	2196	0	0	0
8.593	1	1	860	4	1	28	2196	0	0	0
8.594	1	1	860	5	1	28	2196	0	0	0
8.602	2	4	861	3	3	28	2196	0	0	0
8.603	1	1	861	4	1	28	2196	0	0	0
8.611	2	4	862	2	3	28	2196	0	0	0
8.613	1	1	862	4	1	28	2196	0	0	0
8.621	2	4	863	2	3	28	2196	0	0	0
8.623	1	1	863	4	1	28	2196	0	0	0
8.631	2	4	864	2	3	28	2196	0	0	0
8.633	1	1	864	4	1	28	2196	0	0	0
8.641	2	4	865	2	3	28	2196	0	0	0
8.643	1	1	865	4	1	28	2196	0	0	0
8.65	2	4	866	1	3	28	2196	0	0	0
8.653	1	1	866	4	1	28	2196	0	0	0
8.66	2	4	867	1	3	28	2196	0	0	0
8.663	1	1	867	4	1	28	2196	0	0	0
8.67	2	4	868	1	3	28	2196	0	0	0
8.673	1	1	868	4	1	28	2196	0	0	0
8.68	2	4	869	1	3	28	2196	0	0	0
8.683	1	1	869	4	1	28	2196	0	0	0
8.69	2	4	870	1	3	28	2196	0	0	0
8.693	1	1	870	4	1	28	2196	0	0	0
8.699	2	4	870	10	3	28	2196	0	0	0
8.703	1	1	871	4	1	28	2196	0	0	0
8.709	2	4	871	10	3	28	2196	0	0	0
8.713	1	1	872	4	1	28	2196	0	0	0
8.719	2	4	872	10	3	28	2196	0	0	0
8.723	1	1	873	4	1	28	2196	0	0	0
8.729	2	4	873	10	3	28	2196	0	0	0
8.733	1	1	874	4	1	28	2196	0	0	0
8.738	2	4	874	9	3	28	2196	0	0	0
8.743	1	1	875	4	1	28	2196	0	0	0
8.748	2	4	875	9	3	28	2196	0	0	0
8.753	1	1	876	4	1	28	2196	0	0	0
8.758	2	4	876	9	3	28	2196	0	0	0
8.763	1	1	877	4	1	28	2196	0	0	0
8.768	2	4	877	9	3	28	2196	0	0	0
8.773	1	1	878	4	1	28	2196	0	0	0
8.778	2	4	878	9	3	28	2196	0	0	0
8.783	1	1	879	4	1	28	2196	0	0	0
8.787	2	4	879	8	3	28	2196	0	0	0
8.793	1	1	880	4	1	28	2196	0	0	0
8.797	2	4	880	8	3	28	2196	0	0	0
8.803	1	1	881	4	1	28	2196	0	0	0
8.807	2	4	881	8	3	28	2196	0	0	0
8.813	1	1	882	4	1	28	2196	0	0	0
8.817	2	4	882	8	3	28	2196	0	0	0
8.823	1	1	883	4	1	28	2196	0	0	0
8.826	2	4	883	7	3	28	2196	0	0	0
8.833	1	1	884	4	1	28	2196	0	0	0
8.836	2	4	884	7	3	28	2196	0	0	0
8.843	1	1	885	4	1	28	2196	0	0	0
8.846	2	4	885	7	3	28	2196	0	0	0
8.853	1	1	886	4	1	28	2196	0	0	0
8.856	2	4	886	7	3	28	2196	0	0	0
8.863	1	1	887	4	1	28	2196	0	0	0
8.866	2	4	887	7	3	28	2196	0	0	0
8.873	1	1	888	4	1	28	2196	0	0	0
8.875	2	4	888	6	3	28	2196	0	0	0
8.883	1	1	889	4	1	28	2196	0	0	0
8.885	2	4	889	6	3	28	2196	0	0	0
8.893	1	1	890	4	1	28	2196	0	0	0
8.895	2	4	890	6	3	28	2196	0	0	0
8.903	1	1	891	4	1	28	2196	0	0	0
8.905	2	4	891	6	3	28	2196	0	0	0
8.913	1	1	892	4	1	28	2196	0	0	0
8.914	2	4	892	5	3	28	2196	0	0	0
8.923	1	1	893	4	1	28	2196	0	0	0
8.924	2	4	893	5	3	28	2196	0	0	0
8.933	1	1	894	4	1	28	2196	0	0	0
8.934	2	4	894	5	3	28	2196	0	0	0
8.943	1	1	895	4	1	28	2196	0	0	0
8.943	2	4	895	4	3	28	2196	0	0	0
8.95	1	1	896	1	1	28	2196	0	0	0
8.95	2	4	896	1	3	28	2196	0	0	0
8.953	1	1	896	4	1	28	2196	0	0	0
8.953	2	4	896	4	3	28	2196	0	0	0
8.957	1	1	896	8	1	28	2196	0	0	0
8.957	2	4	896	8	3	28	2196	0	0	0
8.96	1	1	897	1	1	28	2196	0	0	0
8.96	2	4	897	1	3	28	2196	0	0	0
8.963	1	1	897	4	1	28	2196	0	0	0
8.963	2	4	897	4	3	28	2196	0	0	0
8.964	1	1	897	5	1	28	2196	0	0	0
8.967	1	1	897	8	1	28	2196	0	0	0
8.967	2	4	897	8	3	28	2196	0	0	0
8.97	1	1	898	1	1	28	2196	0	0	0
8.97	2	4	898	1	3	28	2196	0	0	0
8.972	2	4	898	3	3	28	2196	0	0	0
8.973	1	1	898	4	1	28	2196	0	0	0
8.974	1	1	898	5	1	28	2196	0	0	0
8.977	1	1	898	8	1	28	2196	0	0	0
8.977	2	4	898	8	3	28	2196	0	0	0
8.982	2	4	899	3	3	28	2196	0	0	0
8.983	1	1	899	4	1	28	2196	0	0	0
8.984	1	1	899	5	1	28	2196	0	0	0
8.991	2	4	900	2	3	28	2196	0	0	0
8.993	1	1	900	4	1	28	2196	0	0	0
9.001	2	4	901	2	3	28	2196	0	0	0
9.003	1	1	901	4	1	28	2196	0	0	0
9.011	2	4	902	2	3	28	2196	0	0	0
9.012	2	5	902	3	2	28	2196	0	0	0
9.022	2	4	903	3	3	28	2196	0	0	0
9.026	1	1	903	7	1	28	2196	0	0	0
9.026	2	6	903	7	1	28	2196	0	0	0
9.027	1	1	903	8	1	28	2196	0	0	0
9.032	2	4	904	3	3	28	2196	0	0	0
9.033	1	1	904	4	1	28	2196	0	0	0
9.033	2	6	904	4	1	28	2196	0	0	0
9.034	1	1	904	5	1	6	309	0	0	0
9.035	1	1	904	6	1	6	309	0	0	0
9.036	1	1	904	7	1	28	2196	0	0	0
9.04	1	1	905	1	1	28	2196	0	0	0
9.042	2	4	905	3	3	28	2196	0	0	0
9.043	1	1	905	4	1	28	2196	0	0	0
9.052	2	4	906	3	3	28	2196	0	0	0
9.053	1	1	906	4	1	28	2196	0	0	0
9.061	2	4	907	2	3	28	2196	0	0	0
9.063	1	1	907	4	1	28	2196	0	0	0
9.071	2	4	908	2	3	28	2196	0	0	0
9.073	1	1	908	4	1	28	2196	0	0	0
9.081	2	4	909	2	3	28	2196	0	0	0
9.083	1	1	909	4	1	28	2196	0	0	0
9.091	2	4	910	2	3	28	2196	0	0	0
9.093	1	1	910	4	1	28	2196	0	0	0
9.1	2	4	911	1	3	28	2196	0	0	0
9.103	1	1	911	4	1	28	2196	0	0	0
9.11	2	4	912	1	3	28	2196	0	0	0
9.113	1	1	912	4	1	28	2196	0	0	0
9.12	2	4	913	1	3	28	2196	0	0	0
9.123	1	1	913	4	1	28	2196	0	0	0
9.13	2	4	914	1	3	28	2196	0	0	0
9.133	1	1	914	4	1	28	2196	0	0	0
9.14	2	4	915	1	3	28	2196	0	0	0
9.143	1	1	915	4	1	28	2196	0	0	0
9.149	2	4	915	10	3	28	2196	0	0	0
9.153	1	1	916	4	1	28	2196	0	0	0
9.159	2	4	916	10	3	28	2196	0	0	0
9.163	1	1	917	4	1	28	2196	0	0	0
9.169	2	4	917	10	3	28	2196	0	0	0
9.173	1	1	918	4	1	28	2196	0	0	0
9.179	2	4	918	10	3	28	2196	0	0	0
9.183	1	1	919	4	1	28	2196	0	0	0
9.188	2	4	919	9	3	28	2196	0	0	0
9.193	1	1	920	4	1	28	2196	0	0	0
9.198	2	4	920	9	3	28	2196	0	0	0
9.203	1	1	921	4	1	28	2196	0	0	0
9.208	2	4	921	9	3	28	2196	0	0	0
9.213	1	1	922	4	1	28	2196	0	0	0
9.218	2	4	922	9	3	28	2196	0	0	0
9.223	1	1	923	4	1	28	2196	0	0	0
9.228	2	4	923	9	3	28	2196	0	0	0
9.233	1	1	924	4	1	28	2196	0	0	0
9.237	2	4	924	8	3	28	2196	0	0	0
9.243	1	1	925	4	1	28	2196	0	0	0
9.247	2	4	925	8	3	28	2196	0	0	0
9.253	1	1	926	4	1	28	2196	0	0	0
9.257	2	4	926	8	3	28	2196	0	0	0
9.263	1	1	927	4	1	28	2196	0	0	0
9.267	2	4	927	8	3	28	2196	0	0	0
9.273	1	1	928	4	1	28	2196	0	0	0
9.276	2	4	928	7	3	28	2196	0	0	0
9.283	1	1	929	4	1	28	2196	0	0	0
9.286	2	4	929	7	3	28	2196	0	0	0
9.293	1	1	930	4	1	28	2196	0	0	0
9.296	2	4	930	7	3	28	2196	0	0	0
9.303	1	1	931	4	1	28	2196	0	0	0
9.306	2	4	931	7	3	28	2196	0	0	0
9.313	1	1	932	4	1	28	2196	0	0	0
9.316	2	4	932	7	3	28	2196	0	0	0
9.323	1	1	933	4	1	28	2196	0	0	0
9.325	2	4	933	6	3	28	2196	0	0	0
9.333	1	1	934	4	1	28	2196	0	0	0
9.335	2	4	934	6	3	28	2196	0	0	0
9.343	1	1	935	4	1	28	2196	0	0	0
9.345	2	4	935	6	3	28	2196	0	0	0
9.353	1	1	936	4	1	28	2196	0	0	0
9.355	2	4	936	6	3	28	2196	0	0	0
9.363	1	1	937	4	1	28	2196	0	0	0
9.364	2	4	937	5	3	28	2196	0	0	0
9.373	1	1	938	4	1	28	2196	0	0	0
9.374	2	4	938	5	3	28	2196	0	0	0
9.383	1	1	939	4	1	28	2196	0	0	0
9.384	2	4	939	5	3	28	2196	0	0	0
9.393	1	1	940	4	1	28	2196	0	0	0
9.393	2	4	940	4	3	28	2196	0	0	0
9.4	1	1	941	1	1	28	2196	0	0	0
9.4	2	4	941	1	3	28	2196	0	0	0
9.403	1	1	941	4	1	28	2196	0	0	0
9.403	2	4	941	4	3	28	2196	0	0	0
9.407	1	1	941	8	1	28	2196	0	0	0
9.41	1	1	942	1	1	28	2196	0	0	0
9.41	2	4	942	1	3	28	2196	0	0	0
9.413	1	1	942	4	1	28	2196	0	0	0
9.413	2	4	942	4	3	28	2196	0	0	0
9.417	1	1	942	8	1	28	2196	0	0	0
9.42	1	1	943	1	1	28	2196	0	0	0
9.42	2	4	943	1	3	28	2196	0	0	0
9.422	2	4	943	3	3	28	2196	0	0	0
9.423	1	1	943	4	1	28	2196	0	0	0
9.427	1	1	943	8	1	28	2196	0	0	0
9.432	2	4	944	3	3	28	2196	0	0	0
9.433	1	1	944	4	1	28	2196	0	0	0
9.441	2	4	945	2	3	28	2196	0	0	0
9.443	1	1	945	4	1	28	2196	0	0	0
9.451	2	4	946	2	3	28	2196	0	0	0
9.453	1	1	946	4	1	28	2196	0	0	0
9.461	2	4	947	2	3	28	2196	0	0	0
9.463	1	1	947	4	1	28	2196	0	0	0
9.471	2	4	948	2	3	28	2196	0	0	0
9.473	1	1	948	4	1	28	2196	0	0	0
9.481	2	4	949	2	3	28	2196	0	0	0
9.483	1	1	949	4	1	28	2196	0	0	0
9.49	2	4	950	1	3	28	2196	0	0	0
9.493	1	1	950	4	1	28	2196	0	0	0
9.5	2	4	951	1	3	28	2196	0	0	0
9.503	1	1	951	4	1	28	2196	0	0	0
9.51	2	4	952	1	3	28	2196	0	0	0
9.513	1	1	952	4	1	28	2196	0	0	0
9.52	2	4	953	1	3	28	2196	0	0	0
9.523	1	1	953	4	1	28	2196	0	0	0
9.529	2	4	953	10	3	28	2196	0	0	0
9.533	1	1	954	4	1	28	2196	0	0	0
9.539	2	4	954	10	3	28	2196	0	0	0
9.543	1	1	955	4	1	28	2196	0	0	0
9.549	2	4	955	10	3	28	2196	0	0	0
9.553	1	1	956	4	1	28	2196	0	0	0
9.559	2	4	956	10	3	28	2196	0	0	0
9.563	1	1	957	4	1	28	2196	0	0	0
9.569	2	4	957	10	3	28	2196	0	0	0
9.573	1	1	958	4	1	28	2196	0	0	0
9.578	2	4	958	9	3	28	2196	0	0	0
9.583	1	1	959	4	1	28	2196	0	0	0
9.588	2	4	959	9	3	28	2196	0	0	0
9.593	1	1	960	4	1	28	2196	0	0	0
9.598	2	4	960	9	3	28	2196	0	0	0
9.603	1	1	961	4	1	28	2196	0	0	0
9.608	2	4	961	9	3	28	2196	0	0	0
9.613	1	1	962	4	1	28	2196	0	0	0
9.617	2	4	962	8	3	28	2196	0	0	0
9.623	1	1	963	4	1	28	2196	0	0	0
9.627	2	4	963	8	3	28	2196	0	0	0
9.633	1	1	964	4	1	28	2196	0	0	0
9.637	2	4	964	8	3	28	2196	0	0	0
9.643	1	1	965	4	1	28	2196	0	0	0
9.647	2	4	965	8	3	28	2196	0	0	0
9.653	1	1	966	4	1	28	2196	0	0	0
9.657	2	4	966	8	3	28	2196	0	0	0
9.663	1	1	967	4	1	28	2196	0	0	0
9.666	2	4	967	7	3	28	2196	0	0	0
9.673	1	1	968	4	1	28	2196	0	0	0
9.676	2	4	968	7	3	28	2196	0	0	0
9.683	1	1	969	4	1	28	2196	0	0	0
9.686	2	4	969	7	3	28	2196	0	0	0
9.693	1	1	970	4	1	28	2196	0	0	0
9.696	2	4	970	7	3	28	2196	0	0	0
9.703	1	1	971	4	1	28	2196	0	0	0
9.705	2	4	971	6	3	28	2196	0	0	0
9.713	1	1	972	4	1	28	2196	0	0	0
9.715	2	4	972	6	3	28	2196	0	0	0
9.723	1	1	973	4	1	28	2196	0	0	0
9.725	2	4	973	6	3	28	2196	0	0	0
9.733	1	1	974	4	1	28	2196	0	0	0
9.735	2	4	974	6	3	28	2196	0	0	0
9.743	1	1	975	4	1	28	2196	0	0	0
9.745	2	4	975	6	3	28	2196	0	0	0
9.753	1	1	976	4	1	28	2196	0	0	0
9.754	2	4	976	5	3	28	2196	0	0	0
9.763	1	1	977	4	1	28	2196	0	0	0
9.764	2	4	977	5	3	28	2196	0	0	0
9.773	1	1	978	4	1	28	2196	0	0	0
9.774	2	4	978	5	3	28	2196	0	0	0
9.783	1	1	979	4	1	28	2196	0	0	0
9.783	2	4	979	4	3	28	2196	0	0	0
9.79	1	1	980	1	1	28	2196	0	0	0
9.79	2	4	980	1	3	28	2196	0	0	0
9.793	1	1	980	4	1	28	2196	0	0	0
9.793	2	4	980	4	3	28	2196	0	0	0
9.797	1	1	980	8	1	28	2196	0	0	0
9.8	1	1	981	1	1	28	2196	0	0	0
9.8	2	4	981	1	3	28	2196	0	0	0
9.802	2	4	981	3	3	28	2196	0	0	0
9.803	1	1	981	4	1	28	2196	0	0	0
9.807	1	1	981	8	1	28	2196	0	0	0
9.812	2	4	982	3	3	28	2196	0	0	0
9.813	1	1	982	4	1	28	2196	0	0	0
9.822	2	4	983	3	3	28	2196	0	0	0
9.823	1	1	983	4	1	28	2196	0	0	0
9.831	2	4	984	2	3	28	2196	0	0	0
9.833	1	1	984	4	1	28	2196	0	0	0
9.841	2	4	985	2	3	28	2196	0	0	0
9.843	1	1	985	4	1	28	2196	0	0	0
9.851	2	4	986	2	3	28	2196	0	0	0
9.853	1	1	986	4	1	28	2196	0	0	0
9.861	2	4	987	2	3	28	2196	0	0	0
9.863	1	1	987	4	1	28	2196	0	0	0
9.871	2	4	988	2	3	28	2196	0	0	0
9.873	1	1	988	4	1	28	2196	0	0	0
9.88	2	4	989	1	3	28	2196	0	0	0
9.883	1	1	989	4	1	28	2196	0	0	0
9.89	2	4	990	1	3	28	2196	0	0	0
9.893	1	1	990	4	1	28	2196	0	0	0
9.9	2	4	991	1	3	28	2196	0	0	0
9.903	1	1	991	4	1	28	2196	0	0	0
9.91	2	4	992	1	3	28	2196	0	0	0
9.913	1	1	992	4	1	28	2196	0	0	0
9.919	2	4	992	10	3	28	2196	0	0	0
9.923	1	1	993	4	1	28	2196	0	0	0
9.929	2	4	993	10	3	28	2196	0	0	0
9.933	1	1	994	4	1	28	2196	0	0	0
9.939	2	4	994	10	3	28	2196	0	0	0
9.943	1	1	995	4	1	28	2196	0	0	0
9.949	2	4	995	10	3	28	2196	0	0	0
9.953	1	1	996	4	1	28	2196	0	0	0
9.959	2	4	996	10	3	28	2196	0	0	0
9.963	1	1	997	4	1	28	2196	0	0	0
9.968	2	4	997	9	3	28	2196	0	0	0
9.973	1	1	998	4	1	28	2196	0	0	0
9.978	2	4	998	9	3	28	2196	0	0	0
9.983	1	1	999	4	1	28	2196	0	0	0
9.988	2	4	999	9	3	28	2196	0	0	0
9.993	1	1	1000	4	1	28	2196	0	0	0
9.998	2	4	1000	9	3	28	2196	0	0	0
