% start	end	CellId	IMSI	RNTI	LCID	nTxPDUs	TxBytes	nRxPDUs	RxBytes	delay	stdDev	min	max	PduSize	stdDev	min	max
1	1.25	1	1	1	3	24	34320	24	34320	0.00319172	0.000337832	0.00306673	0.00406673	1430	0	1430	1430	
1	1.25	1	2	6	3	25	35750	25	35750	0.00326649	0.000816264	0.00306555	0.00706529	1430	0	1430	1430	
1	1.25	1	3	2	3	246	133332	238	128996	0.00430828	0.00132357	0.00306817	0.00806957	542	0	542	542	
1	1.25	1	4	4	3	237	128454	235	127370	0.00413229	0.00173423	0.0030677	0.0140651	542	0	542	542	
1	1.25	1	5	5	3	1	286	1	286	0.00307039	0	0.00307039	0.00307039	286	0	286	286	
1	1.25	1	6	3	3	1	286	1	286	0.00506646	0	0.00506646	0.00506646	286	0	286	286	
1.25	1.5	1	1	1	3	25	35750	25	35750	0.00310673	0.0002	0.00306673	0.00406673	1430	0	1430	1430	
1.25	1.5	1	2	6	3	25	35750	24	34320	0.00306666	2.54336e-07	0.00306555	0.00306673	1430	0	1430	1430	
1.25	1.5	1	3	2	3	247	133874	252	136584	0.00408856	0.00105747	0.0030691	0.00906626	542	0	542	542	
1.25	1.5	1	4	4	3	251	136042	244	132248	0.00376101	0.00119956	0.00306817	0.00906817	542	0	542	542	
1.5	1.75	1	1	1	3	25	35750	25	35750	0.00314673	0.000276887	0.00306673	0.00406673	1430	0	1430	1430	
1.5	1.75	1	2	6	3	25	35750	25	35750	0.00306663	3.2562e-07	0.00306555	0.00306673	1430	0	1430	1430	
1.5	1.75	1	3	2	3	247	133874	249	134958	0.00394836	0.00110025	0.00306817	0.00806957	542	0	542	542	
1.5	1.75	1	4	4	3	243	131706	246	133332	0.00372282	0.0010563	0.0030677	0.00906863	542	0	542	542	
1.75	2	1	1	1	3	25	35750	25	35750	0.00306673	0	0.00306673	0.00306673	1430	0	1430	1430	
1.75	2	1	2	6	3	25	35750	26	37180	0.00306673	0	0.00306673	0.00306673	1430	0	1430	1430	
1.75	2	1	3	2	3	256	138752	254	137668	0.00413955	0.00118031	0.00306817	0.00806957	542	0	542	542	
1.75	2	1	4	4	3	205	111110	209	113278	0.00349889	0.000762841	0.00306817	0.00706533	542	0	542	542	
2	2.25	1	1	1	3	25	35750	25	35750	0.00314673	0.000276887	0.00306673	0.00406673	1430	0	1430	1430	
2	2.25	1	2	6	3	24	34320	24	34320	0.00306663	3.3202e-07	0.00306555	0.00306673	1430	0	1430	1430	
2	2.25	1	3	2	3	244	132248	247	133874	0.00432399	0.00203701	0.00306817	0.0130696	542	0	542	542	
2	2.25	1	4	4	3	145	78590	147	79674	0.003252	0.000421339	0.00306817	0.00506462	542	0	542	542	
2	2.25	1	5	5	3	1	286	1	286	0.00307039	0	0.00307039	0.00307039	286	0	286	286	
2	2.25	1	6	3	3	1	286	0	0	0	0	0	0	0	0	0	0	
2.25	2.5	1	1	1	3	24	34320	23	32890	0.00315368	0.000288104	0.00306673	0.00406673	1430	0	1430	1430	
2.25	2.5	1	2	6	3	19	27170	19	27170	0.00306648	4.17153e-07	0.00306555	0.00306673	1430	0	1430	1430	
2.25	2.5	1	3	2	3	189	102438	189	102438	0.00343893	0.000564365	0.00306817	0.00606817	542	0	542	542	
2.25	2.5	1	4	4	3	10	5420	9	4878	0.00306957	0	0.00306957	0.00306957	542	0	542	542	
2.5	2.75	1	1	1	3	12	17160	13	18590	0.00306673	0	0.00306673	0.00306673	1430	0	1430	1430	
2.5	2.75	1	2	6	3	5	7150	5	7150	0.00444657	0.00113096	0.00305974	0.00603546	1430	0	1430	1430	
2.5	2.75	1	3	2	3	72	39024	27	14634	0.00717705	0.00269145	0.00306817	0.0110588	542	0	542	542	
2.5	2.75	1	4	4	3	15	8130	16	8672	0.00313195	0.000250031	0.00306863	0.00406957	542	0	542	542	
2.75	3	1	1	1	3	32	45760	20	28600	0.00501426	0.00190374	0.00306673	0.0100667	1430	0	1430	1430	
2.75	3	1	2	6	3	6	8580	6	8580	0.00438792	0.00150136	0.00304902	0.00704571	1430	0	1430	1430	
2.75	3	1	3	2	3	133	72086	54	29268	0.00643515	0.00216284	0.00306817	0.0110576	542	0	542	542	
2.75	3	1	4	4	3	71	38482	53	28726	0.00480153	0.00130077	0.00306817	0.00706211	542	0	542	542	
3	3.25	1	1	1	3	14	20020	11	15730	0.0123365	0.00657304	0.00306673	0.0170667	1430	0	1430	1430	
3	3.25	1	2	6	3	4	5720	4	5720	0.00355373	0.00057177	0.00305647	0.00405297	1430	0	1430	1430	
3	3.25	1	3	2	3	79	42818	36	19512	0.00634292	0.00142356	0.00406817	0.0090588	542	0	542	542	
3	3.25	1	4	4	3	45	24390	25	13550	0.00446632	0.00132048	0.00306817	0.00706211	542	0	542	542	
3	3.25	1	5	5	3	1	286	1	286	0.00307039	0	0.00307039	0.00307039	286	0	286	286	
3	3.25	2	6	1	3	1	286	1	286	0.017065	0	0.017065	0.017065	286	0	286	286	
3.25	3.5	1	1	1	3	31	44330	21	30030	0.00439771	0.00145802	0.00306673	0.00705967	1430	0	1430	1430	
3.25	3.5	1	2	6	3	10	14300	10	14300	0.00435697	0.0015599	0.00306253	0.00804059	1430	0	1430	1430	
3.25	3.5	1	3	2	3	97	52574	54	29268	0.00728509	0.0017416	0.00506486	0.0110588	542	0	542	542	
3.25	3.5	1	4	4	3	95	51490	49	26558	0.031249	0.0442222	0.00306817	0.104067	542	0	542	542	
3.5	3.75	1	1	1	3	21	30030	12	17160	0.00423133	0.00146422	0.00306673	0.00705967	1430	0	1430	1430	
3.5	3.75	1	2	6	3	4	5720	4	5720	0.00354796	0.00057332	0.0030397	0.00405483	1430	0	1430	1430	
3.5	3.75	1	3	2	3	142	76964	36	19512	0.00684237	0.00133027	0.00506817	0.00906211	542	0	542	542	
3.5	3.75	1	4	4	3	66	35772	36	19512	0.00484338	0.00133094	0.00306817	0.00706211	542	0	542	542	
3.75	4	1	1	1	3	30	42900	26	37180	0.00414243	0.00143878	0.00306673	0.00706673	1430	0	1430	1430	
3.75	4	1	2	6	3	8	11440	8	11440	0.00392832	0.000984062	0.00305787	0.0060399	1430	0	1430	1430	
3.75	4	1	3	2	3	141	76422	54	29268	0.00710164	0.0014884	0.00506817	0.0100576	542	0	542	542	
3.75	4	1	4	4	3	115	62330	49	26558	0.00755566	0.0145939	0.00306817	0.107062	542	0	542	542	
4	4.25	1	1	1	3	21	30030	22	31460	0.00393036	0.00312129	0.00306673	0.0170667	1430	0	1430	1430	
4	4.25	1	4	4	3	191	103522	43	23306	0.00469393	0.00128904	0.00306817	0.00706211	542	0	542	542	
4	4.25	1	5	5	3	1	286	1	286	0.00307039	0	0.00307039	0.00307039	286	0	286	286	
4	4.25	2	6	1	3	1	286	1	286	0.0100674	0	0.0100674	0.0100674	286	0	286	286	
4.25	4.5	1	1	1	3	28	40040	24	34320	0.00385724	0.00147184	0.0030665	0.00805967	1430	0	1430	1430	
4.25	4.5	1	2	6	3	1	1430	1	1430	0.00306555	0	0.00306555	0.00306555	1430	0	1430	1430	
4.25	4.5	1	3	2	3	13	7046	13	7046	0.00306957	0	0.00306957	0.00306957	542	0	542	542	
4.25	4.5	1	4	4	3	86	46612	108	58536	0.0809111	0.0305627	0.024066	0.14407	542	0	542	542	
4.5	4.75	1	1	1	3	9	12870	10	14300	0.00406455	0.00124477	0.0030665	0.00606133	1430	0	1430	1430	
4.5	4.75	1	3	2	3	18	9756	18	9756	0.00306957	0	0.00306957	0.00306957	542	0	542	542	
4.5	4.75	1	4	4	3	77	41734	68	36856	0.0548924	0.0320646	0.00306863	0.10407	542	0	542	542	
4.75	5	1	1	1	3	34	48620	25	35750	0.00434458	0.00142706	0.0030665	0.00705967	1430	0	1430	1430	
4.75	5	1	3	2	3	18	9756	16	8672	0.00319456	0.0005	0.00306957	0.00506957	542	0	542	542	
4.75	5	1	4	4	3	80	43360	46	24932	0.0656994	0.0279478	0.0130682	0.10307	542	0	542	542	
5	5.25	1	1	1	3	17	24310	9	12870	0.00617506	0.00431416	0.00306673	0.0170665	1430	0	1430	1430	
5	5.25	1	3	2	3	18	9756	18	9756	0.0262918	0.034127	0.00306957	0.10307	542	0	542	542	
5	5.25	1	4	4	3	67	36314	67	36314	0.13989	0.0302745	0.0820691	0.20207	542	0	542	542	
5	5.25	2	5	2	3	1	286	1	286	0.00307039	0	0.00307039	0.00307039	286	0	286	286	
5	5.25	2	6	1	3	1	286	1	286	0.0100704	0	0.0100704	0.0100704	286	0	286	286	
5.25	5.5	1	1	1	3	26	37180	17	24310	0.00412368	0.00129533	0.00306673	0.00705967	1430	0	1430	1430	
5.25	5.5	1	3	2	3	18	9756	17	9214	0.0270696	0.0346843	0.00306957	0.10307	542	0	542	542	
5.25	5.5	1	4	4	3	56	30352	43	23306	0.0810692	0.0454894	0.00306863	0.16307	542	0	542	542	
5.5	5.75	1	1	1	3	19	27170	15	21450	0.00526343	0.00151976	0.00306673	0.00806673	1430	0	1430	1430	
5.5	5.75	1	3	2	3	18	9756	18	9756	0.00329179	0.000942809	0.00306957	0.00706957	542	0	542	542	
5.5	5.75	1	4	4	3	54	29268	32	17344	0.148101	0.0333345	0.0880691	0.19807	542	0	542	542	
5.75	6	1	1	1	3	9	12870	9	12870	0.00439771	0.00111606	0.00306673	0.00606202	1430	0	1430	1430	
5.75	6	1	3	2	3	1	542	1	542	0.10307	0	0.10307	0.10307	542	0	542	542	
5.75	6	1	4	4	3	60	32520	61	33062	0.0919545	0.0426259	0.0180691	0.17707	542	0	542	542	
6	6.25	1	1	1	3	26	37180	19	27170	0.00932664	0.00615341	0.00306673	0.0170667	1430	0	1430	1430	
6	6.25	1	4	4	3	57	30894	36	19512	0.127625	0.0296285	0.0800696	0.17807	542	0	542	542	
6	6.25	2	5	2	3	1	286	1	286	0.00307039	0	0.00307039	0.00307039	286	0	286	286	
6	6.25	2	6	1	3	1	286	1	286	0.0100627	0	0.0100627	0.0100627	286	0	286	286	
6.25	6.5	1	1	1	3	9	12870	9	12870	0.00473052	0.00141168	0.00306673	0.00705967	1430	0	1430	1430	
6.25	6.5	1	4	4	3	61	33062	49	26558	0.133539	0.0347941	0.0650696	0.19507	542	0	542	542	
6.5	6.75	1	1	1	3	18	25740	14	20020	0.00449267	0.00122029	0.0030665	0.00705945	1430	0	1430	1430	
6.5	6.75	1	4	4	3	57	30894	42	22764	0.113593	0.0378239	0.0580691	0.18807	542	0	542	542	
6.75	7	1	1	1	3	12	17160	12	17160	0.00481369	0.00128584	0.00306673	0.00705967	1430	0	1430	1430	
6.75	7	1	4	4	3	41	22222	30	16260	0.121136	0.0255881	0.0660696	0.15807	542	0	542	542	
7	7.25	2	4	3	3	9	4878	5	2710	0.00406957	0.00223607	0.00306957	0.00806957	542	0	542	542	
7	7.25	2	5	2	3	1	286	1	286	0.00307039	0	0.00307039	0.00307039	286	0	286	286	
7.25	7.5	1	1	1	3	21	30030	21	30030	0.0115429	0.00926617	0.00306673	0.0240667	1430	0	1430	1430	
7.25	7.5	2	4	3	3	36	19512	36	19512	0.00490268	0.00421158	0.00306957	0.017067	542	0	542	542	
7.5	7.75	1	1	1	3	25	35750	25	35750	0.00702673	0.00735119	0.00306673	0.0240667	1430	0	1430	1430	
7.5	7.75	2	4	3	3	43	23306	42	22764	0.00478367	0.00403757	0.00306957	0.017067	542	0	542	542	
7.75	8	1	1	1	3	25	35750	25	35750	0.00702673	0.00735119	0.00306673	0.0240667	1430	0	1430	1430	
7.75	8	2	4	3	3	42	22764	42	22764	0.00478367	0.00403757	0.00306957	0.017067	542	0	542	542	
8	8.25	1	1	1	3	25	35750	25	35750	0.00702673	0.00735119	0.00306673	0.0240667	1430	0	1430	1430	
8	8.25	2	4	3	3	42	22764	43	23306	0.0047438	0.00399777	0.00306957	0.017067	542	0	542	542	
8	8.25	2	6	1	3	1	286	1	286	0.00307039	0	0.00307039	0.00307039	286	0	286	286	
8.25	8.5	1	1	1	3	25	35750	25	35750	0.00438672	0.00465224	0.00306673	0.0240667	1430	0	1430	1430	
8.25	8.5	2	4	3	3	31	16802	31	16802	0.00384367	0.00285978	0.00306957	0.017067	542	0	542	542	
8.5	8.75	1	1	1	3	25	35750	25	35750	0.00606673	0.00712975	0.00306673	0.0240667	1430	0	1430	1430	
8.5	8.75	2	4	3	3	26	14092	25	13550	0.00494925	0.00467463	0.00306957	0.017067	542	0	542	542	
8.75	9	1	1	1	3	25	35750	25	35750	0.00606673	0.00712975	0.00306673	0.0240667	1430	0	1430	1430	
8.75	9	2	4	3	3	25	13550	26	14092	0.00487696	0.00459499	0.00306957	0.017067	542	0	542	542	
9	9.25	1	1	1	3	25	35750	25	35750	0.00446666	0.00404123	0.00306673	0.0170665	1430	0	1430	1430	
9	9.25	2	4	3	3	26	14092	26	14092	0.00306957	0	0.00306957	0.00306957	542	0	542	542	
9	9.25	2	5	2	3	2	572	2	572	0.00307025	1.84555e-07	0.00307012	0.00307039	286	0	286	286	
9	9.25	2	6	1	3	1	286	1	286	0.0100704	0	0.0100704	0.0100704	286	0	286	286	
9.25	9.5	1	1	1	3	25	35750	25	35750	0.00490673	0.00465188	0.00306673	0.0170667	1430	0	1430	1430	
9.25	9.5	2	4	3	3	26	14092	25	13550	0.00390925	0.00232078	0.00306957	0.010067	542	0	542	542	
9.5	9.75	1	1	1	3	25	35750	25	35750	0.00306673	0	0.00306673	0.00306673	1430	0	1430	1430	
9.5	9.75	2	4	3	3	25	13550	26	14092	0.00306957	0	0.00306957	0.00306957	542	0	542	542	
9.75	10	1	1	1	3	25	35750	25	35750	0.00434673	0.00391067	0.00306673	0.0170667	1430	0	1430	1430	
9.75	10	2	4	3	3	26	14092	25	13550	0.00362936	0.00193749	0.00306957	0.010067	542	0	542	542	
