% start	end	CellId	IMSI	RNTI	LCID	nTxPDUs	TxBytes	nRxPDUs	RxBytes	delay	stdDev	min	max	PduSize	stdDev	min	max
1	1.25	1	1	1	3	24	34368	24	34368	0.003	0	0.003	0.003	1432	0	1432	1432	
1	1.25	1	2	6	3	25	35800	25	35800	0.003	0	0.003	0.003	1432	0	1432	1432	
1	1.25	1	3	2	3	86	132710	84	129466	0.003	0	0.003	0.003	1541.26	615.738	544	2196	
1	1.25	1	4	4	3	84	127821	84	127821	0.003	0	0.003	0.003	1521.68	632.656	444	2196	
1	1.25	1	5	5	3	1	288	1	288	0.003	0	0.003	0.003	288	0	288	288	
1	1.25	1	6	3	3	1	288	1	288	0.003	0	0.003	0.003	288	0	288	288	
1.25	1.5	1	1	1	3	25	35800	25	35800	0.003	0	0.003	0.003	1432	0	1432	1432	
1.25	1.5	1	2	6	3	25	35800	24	34368	0.003	0	0.003	0.003	1432	0	1432	1432	
1.25	1.5	1	3	2	3	90	133789	92	137033	0.003	0	0.003	0.003	1489.49	579.472	524	2196	
1.25	1.5	1	4	4	3	93	134927	92	132731	0.003	0	0.003	0.003	1442.73	653.415	484	2196	
1.5	1.75	1	1	1	3	25	35800	25	35800	0.003	0	0.003	0.003	1432	0	1432	1432	
1.5	1.75	1	2	6	3	24	34368	25	35800	0.003	0	0.003	0.003	1432	0	1432	1432	
1.5	1.75	1	3	2	3	92	135957	91	135413	0.003	0	0.003	0.003	1488.05	575.883	504	2196	
1.5	1.75	1	4	4	3	90	133749	90	133770	0.003	0	0.003	0.003	1486.33	664.02	464	2196	
1.75	2	1	1	1	3	25	35800	25	35800	0.003	0	0.003	0.003	1432	0	1432	1432	
1.75	2	1	2	6	3	26	37232	26	37232	0.003	0	0.003	0.003	1432	0	1432	1432	
1.75	2	1	3	2	3	99	138694	98	138150	0.003	0	0.003	0.003	1409.69	637.991	484	2196	
1.75	2	1	4	4	3	84	111497	85	113672	0.003	0	0.003	0.003	1337.32	566.906	544	2196	
2	2.25	1	1	1	3	25	35800	25	35800	0.003	0	0.003	0.003	1432	0	1432	1432	
2	2.25	1	2	6	3	24	34368	24	34368	0.003	0	0.003	0.003	1432	0	1432	1432	
2	2.25	1	3	2	3	98	133254	100	134342	0.003	0	0.003	0.003	1343.42	642.958	544	2196	
2	2.25	1	4	4	3	65	79959	65	79959	0.003	0	0.003	0.003	1230.14	515.152	504	2196	
2	2.25	1	5	5	3	1	288	1	288	0.003	0	0.003	0.003	288	0	288	288	
2	2.25	1	6	3	3	1	288	0	0	0	0	0	0	0	0	0	0	
2.25	2.5	1	1	1	3	24	34368	23	32936	0.003	0	0.003	0.003	1432	0	1432	1432	
2.25	2.5	1	2	6	3	19	27208	19	27208	0.003	0	0.003	0.003	1432	0	1432	1432	
2.25	2.5	1	3	2	3	85	102796	85	102796	0.003	0	0.003	0.003	1209.36	660	504	2196	
2.25	2.5	1	4	4	3	10	5440	9	4896	0.003	0	0.003	0.003	544	0	544	544	
2.5	2.75	1	1	1	3	12	17184	13	18616	0.003	0	0.003	0.003	1432	0	1432	1432	
2.5	2.75	1	2	6	3	4	7165	4	7165	0.003	0	0.003	0.003	1791.25	809.5	577	2196	
2.5	2.75	1	3	2	3	8	14688	8	14688	0.003	0	0.003	0.003	1836	680.064	504	2196	
2.5	2.75	1	4	4	3	12	8159	13	8703	0.003	0	0.003	0.003	669.462	325.689	544	1631	
2.75	3	1	1	1	3	16	28654	16	28654	0.003	0	0.003	0.003	1790.88	524.462	484	2196	
2.75	3	1	2	6	3	5	8597	5	8597	0.003	0	0.003	0.003	1719.4	719.222	577	2196	
2.75	3	1	3	2	3	15	29376	15	29376	0.003	0	0.003	0.003	1958.4	491.879	1008	2196	
2.75	3	1	4	4	3	15	28832	15	28832	0.003	0	0.003	0.003	1922.13	579.252	464	2196	
3	3.25	1	1	1	3	8	15761	8	15761	0.00475	0.00494975	0.003	0.017	1970.12	418.977	1246	2196	
3	3.25	1	2	6	3	3	5730	3	5730	0.003	0	0.003	0.003	1910	416.62	1432	2196	
3	3.25	1	3	2	3	10	19584	10	19584	0.003	0	0.003	0.003	1958.4	500.905	1008	2196	
3	3.25	1	4	4	3	7	13599	7	13599	0.003	0	0.003	0.003	1942.71	466.278	1008	2196	
3	3.25	1	5	5	3	1	288	1	288	0.003	0	0.003	0.003	288	0	288	288	
3	3.25	2	6	1	3	1	288	1	288	0.017	0	0.017	0.017	288	0	288	288	
3.25	3.5	1	1	1	3	17	30084	17	30084	0.003	0	0.003	0.003	1769.65	418.38	1246	2196	
3.25	3.5	1	2	6	3	8	14329	8	14329	0.003	0	0.003	0.003	1791.12	721.831	577	2196	
3.25	3.5	1	3	2	3	15	29376	15	29376	0.003	0	0.003	0.003	1958.4	491.879	1008	2196	
3.25	3.5	1	4	4	3	15	29376	14	27180	0.003	0	0.003	0.003	1941.43	505.869	1008	2196	
3.5	3.75	1	1	1	3	10	17190	10	17190	0.003	0	0.003	0.003	1719	414.419	1246	2196	
3.5	3.75	1	2	6	3	4	5732	4	5732	0.003	0	0.003	0.003	1433	881.037	670	2196	
3.5	3.75	1	3	2	3	10	19584	10	19584	0.003	0	0.003	0.003	1958.4	500.905	1008	2196	
3.5	3.75	1	4	4	3	10	19584	10	19584	0.003	0	0.003	0.003	1958.4	500.905	1008	2196	
3.75	4	1	1	1	3	24	38675	23	37243	0.003	0	0.003	0.003	1619.26	436.239	484	2196	
3.75	4	1	2	6	3	7	11463	7	11463	0.003	0	0.003	0.003	1637.57	731.312	670	2196	
3.75	4	1	3	2	3	15	29376	15	29376	0.003	0	0.003	0.003	1958.4	491.879	1008	2196	
3.75	4	1	4	4	3	15	29376	14	27180	0.003	0	0.003	0.003	1941.43	505.869	1008	2196	
4	4.25	1	1	1	3	22	30074	23	31506	0.00360869	0.0029192	0.003	0.017	1369.83	206.735	659	1432	
4	4.25	1	4	4	3	24	44606	23	42410	0.003	0	0.003	0.003	1843.91	569.432	424	2196	
4	4.25	1	5	5	3	1	288	1	288	0.003	0	0.003	0.003	288	0	288	288	
4	4.25	2	6	1	3	1	288	1	288	0.01	0	0.01	0.01	288	0	288	288	
4.25	4.5	1	1	1	3	23	35806	22	34374	0.003	0	0.003	0.003	1562.45	308.219	1246	2196	
4.25	4.5	1	2	6	3	1	1432	1	1432	0.003	0	0.003	0.003	1432	0	1432	1432	
4.25	4.5	1	3	2	3	13	7072	13	7072	0.003	0	0.003	0.003	544	0	544	544	
4.25	4.5	1	4	4	3	29	46762	26	41889	0.003	0	0.003	0.003	1611.12	426.994	524	2196	
4.5	4.75	1	1	1	3	7	12893	8	14325	0.003	0	0.003	0.003	1790.62	388.242	1432	2196	
4.5	4.75	1	3	2	3	18	9792	18	9792	0.003	0	0.003	0.003	544	0	544	544	
4.5	4.75	1	4	4	3	29	41867	27	38605	0.003	0	0.003	0.003	1429.81	482.93	524	2196	
4.75	5	1	1	1	3	21	35814	21	35814	0.003	0	0.003	0.003	1705.43	480.444	484	2196	
4.75	5	1	3	2	3	18	9792	17	9248	0.003	0	0.003	0.003	544	0	544	544	
4.75	5	1	4	4	3	30	43497	25	35864	0.003	0	0.003	0.003	1434.56	469.172	524	2175	
5	5.25	1	1	1	3	7	12894	7	12894	0.005	0.0052915	0.003	0.017	1842	445.848	1246	2196	
5	5.25	1	3	2	3	18	9792	17	9248	0.003	0	0.003	0.003	544	0	544	544	
5	5.25	1	4	4	3	32	36437	27	31521	0.003	0	0.003	0.003	1167.44	537.451	544	2175	
5	5.25	2	5	2	3	1	288	1	288	0.003	0	0.003	0.003	288	0	288	288	
5	5.25	2	6	1	3	1	288	1	288	0.01	0	0.01	0.01	288	0	288	288	
5.25	5.5	1	1	1	3	14	24353	14	24353	0.003	0	0.003	0.003	1739.5	413.394	1246	2196	
5.25	5.5	1	3	2	3	18	9792	17	9248	0.003	0	0.003	0.003	544	0	544	544	
5.25	5.5	1	4	4	3	29	29912	26	27192	0.003	0	0.003	0.003	1045.85	459.215	544	1631	
5.5	5.75	1	1	1	3	11	21494	11	21494	0.003	0	0.003	0.003	1954	564.734	484	2196	
5.5	5.75	1	3	2	3	17	9248	18	9792	0.003	0	0.003	0.003	544	0	544	544	
5.5	5.75	1	4	4	3	32	29916	27	25565	0.003	0	0.003	0.003	946.852	356.586	544	1631	
5.75	6	1	1	1	3	6	12895	6	12895	0.003	0	0.003	0.003	2149.17	78.2877	2009	2196	
5.75	6	1	3	2	3	2	1088	1	544	0.003	0	0.003	0.003	544	0	544	544	
5.75	6	1	4	4	3	32	32634	26	27739	0.003	0	0.003	0.003	1066.88	473.438	544	2175	
6	6.25	1	1	1	3	14	27225	14	27225	0.004	0.00374166	0.003	0.017	1944.64	521.952	577	2196	
6	6.25	1	4	4	3	31	31002	23	23930	0.003	0	0.003	0.003	1040.43	430.884	544	1631	
6	6.25	2	5	2	3	1	288	1	288	0.003	0	0.003	0.003	288	0	288	288	
6	6.25	2	6	1	3	1	288	1	288	0.01	0	0.01	0.01	288	0	288	288	
6.25	6.5	1	1	1	3	7	12896	7	12896	0.003	0	0.003	0.003	1842.29	626.549	670	2196	
6.25	6.5	1	4	4	3	36	33178	26	20671	0.003	0	0.003	0.003	795.038	316.38	544	1631	
6.5	6.75	1	1	1	3	10	20059	10	20059	0.003	0	0.003	0.003	2005.9	377.772	1246	2196	
6.5	6.75	1	4	4	3	34	31003	21	19038	0.003	0	0.003	0.003	906.571	357.902	544	1631	
6.75	7	1	1	1	3	9	17195	9	17195	0.003	0	0.003	0.003	1910.56	590.588	577	2196	
6.75	7	1	4	4	3	32	22303	18	13055	0.003	0	0.003	0.003	725.278	323.019	544	1631	
7	7.25	2	4	3	3	12	4905	10	2730	0.003	0	0.003	0.003	273	234.156	81	544	
7	7.25	2	5	2	3	1	288	1	288	0.003	0	0.003	0.003	288	0	288	288	
7.25	7.5	1	1	1	3	21	30072	21	30072	0.006	0.00752994	0.003	0.024	1432	0	1432	1432	
7.25	7.5	2	4	3	3	36	19584	36	19584	0.00436111	0.00403664	0.003	0.017	544	0	544	544	
7.5	7.75	1	1	1	3	25	35800	25	35800	0.00552	0.00696491	0.003	0.024	1432	0	1432	1432	
7.5	7.75	2	4	3	3	42	22848	42	22848	0.004	0.00364926	0.003	0.017	544	0	544	544	
7.75	8	1	1	1	3	25	35800	25	35800	0.00552	0.00696491	0.003	0.024	1432	0	1432	1432	
7.75	8	2	4	3	3	43	23392	42	22848	0.004	0.00364926	0.003	0.017	544	0	544	544	
8	8.25	1	1	1	3	25	35800	25	35800	0.00552	0.00696491	0.003	0.024	1432	0	1432	1432	
8	8.25	2	4	3	3	42	22848	43	23392	0.00397674	0.00360877	0.003	0.017	544	0	544	544	
8	8.25	2	6	1	3	1	288	1	288	0.003	0	0.003	0.003	288	0	288	288	
8.25	8.5	1	1	1	3	25	35800	25	35800	0.00384	0.0042	0.003	0.024	1432	0	1432	1432	
8.25	8.5	2	4	3	3	31	16864	31	16864	0.00345161	0.00251447	0.003	0.017	544	0	544	544	
8.5	8.75	1	1	1	3	25	35800	25	35800	0.00552	0.00696491	0.003	0.024	1432	0	1432	1432	
8.5	8.75	2	4	3	3	26	14144	25	13600	0.00468	0.00464327	0.003	0.017	544	0	544	544	
8.75	9	1	1	1	3	25	35800	25	35800	0.00552	0.00696491	0.003	0.024	1432	0	1432	1432	
8.75	9	2	4	3	3	25	13600	26	14144	0.00461538	0.00456138	0.003	0.017	544	0	544	544	
9	9.25	1	1	1	3	27	35806	27	35806	0.00351852	0.0026943	0.003	0.017	1326.15	380.337	309	2196	
9	9.25	2	4	3	3	26	14144	26	14144	0.003	0	0.003	0.003	544	0	544	544	
9	9.25	2	5	2	3	1	576	1	576	0.003	0	0.003	0.003	576	0	576	576	
9	9.25	2	6	1	3	1	288	1	288	0.01	0	0.01	0.01	288	0	288	288	
9.25	9.5	1	1	1	3	25	35800	25	35800	0.00468	0.00464327	0.003	0.017	1432	0	1432	1432	
9.25	9.5	2	4	3	3	25	13600	25	13600	0.00384	0.00232164	0.003	0.01	544	0	544	544	
9.5	9.75	1	1	1	3	25	35800	25	35800	0.003	0	0.003	0.003	1432	0	1432	1432	
9.5	9.75	2	4	3	3	26	14144	26	14144	0.003	0	0.003	0.003	544	0	544	544	
9.75	10	1	1	1	3	25	35800	25	35800	0.00412	0.00387642	0.003	0.017	1432	0	1432	1432	
9.75	10	2	4	3	3	26	14144	25	13600	0.00356	0.00193821	0.003	0.01	544	0	544	544	
