% time	cellId	IMSI	RNTI	txMode	layer	mcs	size	rv	ndi	correct	ccId
1015	1	5	5	0	0	28	2196	0	1	1	0
1017	1	1	1	0	0	28	2196	0	1	1	0
1018	1	3	2	0	0	28	2196	0	1	1	0
1019	1	6	3	0	0	28	2196	0	1	1	0
1020	1	4	4	0	0	28	2196	0	1	1	0
1021	1	2	6	0	0	28	2196	0	1	1	0
1022	1	3	2	0	0	28	2196	0	1	1	0
1023	1	4	4	0	0	28	2196	0	1	1	0
1024	1	2	6	0	0	28	2196	0	1	1	0
1025	1	1	1	0	0	28	2196	0	1	1	0
1026	1	3	2	0	0	28	2196	0	1	1	0
1027	1	4	4	0	0	28	2196	0	1	1	0
1028	1	3	2	0	0	28	2196	0	1	1	0
1029	1	4	4	0	0	28	2196	0	1	1	0
1030	1	2	6	0	0	28	2196	0	1	1	0
1031	1	3	2	0	0	28	2196	0	1	1	0
1032	1	4	4	0	0	28	2196	0	1	1	0
1033	1	3	2	0	0	28	2196	0	1	1	0
1034	1	3	2	0	0	28	2196	0	1	1	0
1035	1	1	1	0	0	28	2196	0	1	1	0
1036	1	4	4	0	0	28	2196	0	1	1	0
1037	1	4	4	0	0	28	2196	0	1	1	0
1038	1	2	6	0	0	28	2196	0	1	1	0
1039	1	3	2	0	0	28	2196	0	1	1	0
1040	1	4	4	0	0	28	2196	0	1	1	0
1041	1	3	2	0	0	28	2196	0	1	1	0
1042	1	4	4	0	0	28	2196	0	1	1	0
1043	1	3	2	0	0	28	2196	0	1	1	0
1044	1	4	4	0	0	28	2196	0	1	1	0
1045	1	1	1	0	0	28	2196	0	1	1	0
1046	1	3	2	0	0	28	2196	0	1	1	0
1047	1	4	4	0	0	28	2196	0	1	1	0
1048	1	4	4	0	0	28	2196	0	1	1	0
1049	1	4	4	0	0	28	2196	0	1	1	0
1050	1	4	4	0	0	28	2196	0	1	1	0
1051	1	4	4	0	0	28	2196	0	1	1	0
1052	1	4	4	0	0	28	2196	0	1	1	0
1053	1	4	4	0	0	28	2196	0	1	1	0
1054	1	4	4	0	0	28	2196	0	1	1	0
1055	1	2	6	0	0	28	2196	0	1	1	0
1056	1	1	1	0	0	28	2196	0	1	1	0
1057	1	3	2	0	0	28	2196	0	1	1	0
1058	1	3	2	0	0	28	2196	0	1	1	0
1059	1	3	2	0	0	28	2196	0	1	1	0
1060	1	2	6	0	0	28	2196	0	1	1	0
1061	1	3	2	0	0	28	2196	0	1	1	0
1062	1	3	2	0	0	28	2196	0	1	1	0
1063	1	3	2	0	0	28	2196	0	1	1	0
1064	1	3	2	0	0	28	2196	0	1	1	0
1065	1	1	1	0	0	28	2196	0	1	1	0
1066	1	4	4	0	0	28	2196	0	1	1	0
1067	1	3	2	0	0	28	2196	0	1	1	0
1068	1	2	6	0	0	28	2196	0	1	1	0
1069	1	4	4	0	0	28	2196	0	1	1	0
1070	1	3	2	0	0	28	2196	0	1	1	0
1071	1	4	4	0	0	28	2196	0	1	1	0
1073	1	4	4	0	0	28	2196	0	1	1	0
1074	1	3	2	0	0	28	2196	0	1	1	0
1075	1	1	1	0	0	28	2196	0	1	1	0
1076	1	3	2	0	0	28	2196	0	1	1	0
1077	1	4	4	0	0	28	2196	0	1	1	0
1078	1	4	4	0	0	28	2196	0	1	1	0
1079	1	3	2	0	0	28	2196	0	1	1	0
1080	1	4	4	0	0	28	2196	0	1	1	0
1081	1	2	6	0	0	28	2196	0	1	1	0
1082	1	3	2	0	0	28	2196	0	1	1	0
1083	1	3	2	0	0	28	2196	0	1	1	0
1084	1	4	4	0	0	28	2196	0	1	1	0
1085	1	1	1	0	0	28	2196	0	1	1	0
1086	1	3	2	0	0	28	2196	0	1	1	0
1087	1	4	4	0	0	28	2196	0	1	1	0
1088	1	2	6	0	0	28	2196	0	1	1	0
1089	1	3	2	0	0	28	2196	0	1	1	0
1090	1	3	2	0	0	28	2196	0	1	1	0
1091	1	3	2	0	0	28	2196	0	1	1	0
1092	1	3	2	0	0	28	2196	0	1	1	0
1093	1	3	2	0	0	28	2196	0	1	1	0
1094	1	4	4	0	0	28	2196	0	1	1	0
1095	1	1	1	0	0	28	2196	0	1	1	0
1096	1	4	4	0	0	28	2196	0	1	1	0
1097	1	3	2	0	0	28	2196	0	1	1	0
1102	1	4	4	0	0	28	2196	0	1	1	0
1104	1	4	4	0	0	28	2196	0	1	1	0
1105	1	1	1	0	0	28	2196	0	1	1	0
1106	1	2	6	0	0	28	2196	0	1	1	0
1107	1	4	4	0	0	28	2196	0	1	1	0
1108	1	3	2	0	0	28	2196	0	1	1	0
1109	1	4	4	0	0	28	2196	0	1	1	0
1110	1	3	2	0	0	28	2196	0	1	1	0
1111	1	3	2	0	0	28	2196	0	1	1	0
1112	1	4	4	0	0	28	2196	0	1	1	0
1114	1	2	6	0	0	28	2196	0	1	1	0
1115	1	1	1	0	0	28	2196	0	1	1	0
1116	1	4	4	0	0	28	2196	0	1	1	0
1117	1	4	4	0	0	28	2196	0	1	1	0
1118	1	3	2	0	0	28	2196	0	1	1	0
1119	1	4	4	0	0	28	2196	0	1	1	0
1120	1	3	2	0	0	28	2196	0	1	1	0
1121	1	2	6	0	0	28	2196	0	1	1	0
1122	1	3	2	0	0	28	2196	0	1	1	0
1123	1	3	2	0	0	28	2196	0	1	1	0
1124	1	4	4	0	0	28	2196	0	1	1	0
1125	1	1	1	0	0	28	2196	0	1	1	0
1126	1	4	4	0	0	28	2196	0	1	1	0
1127	1	3	2	0	0	28	2196	0	1	1	0
1128	1	2	6	0	0	28	2196	0	1	1	0
1129	1	4	4	0	0	28	2196	0	1	1	0
1130	1	3	2	0	0	28	2196	0	1	1	0
1131	1	4	4	0	0	28	2196	0	1	1	0
1132	1	3	2	0	0	28	2196	0	1	1	0
1133	1	4	4	0	0	28	2196	0	1	1	0
1134	1	3	2	0	0	28	2196	0	1	1	0
1135	1	1	1	0	0	28	2196	0	1	1	0
1136	1	4	4	0	0	28	2196	0	1	1	0
1137	1	3	2	0	0	28	2196	0	1	1	0
1138	1	4	4	0	0	28	2196	0	1	1	0
1139	1	4	4	0	0	28	2196	0	1	1	0
1140	1	4	4	0	0	28	2196	0	1	1	0
1141	1	4	4	0	0	28	2196	0	1	1	0
1142	1	4	4	0	0	28	2196	0	1	1	0
1143	1	4	4	0	0	28	2196	0	1	1	0
1145	1	2	6	0	0	28	2196	0	1	1	0
1146	1	1	1	0	0	28	2196	0	1	1	0
1147	1	3	2	0	0	28	2196	0	1	1	0
1148	1	3	2	0	0	28	2196	0	1	1	0
1149	1	3	2	0	0	28	2196	0	1	1	0
1150	1	3	2	0	0	28	2196	0	1	1	0
1151	1	2	6	0	0	28	2196	0	1	1	0
1152	1	3	2	0	0	28	2196	0	1	1	0
1153	1	4	4	0	0	28	2196	0	1	1	0
1154	1	3	2	0	0	28	2196	0	1	1	0
1155	1	1	1	0	0	28	2196	0	1	1	0
1156	1	4	4	0	0	28	2196	0	1	1	0
1157	1	2	6	0	0	28	2196	0	1	1	0
1158	1	3	2	0	0	28	2196	0	1	1	0
1159	1	4	4	0	0	28	2196	0	1	1	0
1160	1	3	2	0	0	28	2196	0	1	1	0
1161	1	4	4	0	0	28	2196	0	1	1	0
1162	1	3	2	0	0	28	2196	0	1	1	0
1163	1	4	4	0	0	28	2196	0	1	1	0
1164	1	3	2	0	0	28	2196	0	1	1	0
1165	1	1	1	0	0	28	2196	0	1	1	0
1166	1	4	4	0	0	28	2196	0	1	1	0
1167	1	3	2	0	0	28	2196	0	1	1	0
1169	1	4	4	0	0	28	2196	0	1	1	0
1170	1	4	4	0	0	28	2196	0	1	1	0
1173	1	4	4	0	0	28	2196	0	1	1	0
1175	1	2	6	0	0	28	2196	0	1	1	0
1176	1	1	1	0	0	28	2196	0	1	1	0
1177	1	3	2	0	0	28	2196	0	1	1	0
1178	1	3	2	0	0	28	2196	0	1	1	0
1179	1	2	6	0	0	28	2196	0	1	1	0
1180	1	3	2	0	0	28	2196	0	1	1	0
1181	1	4	4	0	0	28	2196	0	1	1	0
1182	1	3	2	0	0	28	2196	0	1	1	0
1183	1	3	2	0	0	28	2196	0	1	1	0
1184	1	4	4	0	0	28	2196	0	1	1	0
1185	1	1	1	0	0	28	2196	0	1	1	0
1186	1	3	2	0	0	28	2196	0	1	1	0
1187	1	4	4	0	0	28	2196	0	1	1	0
1188	1	2	6	0	0	28	2196	0	1	1	0
1189	1	4	4	0	0	28	2196	0	1	1	0
1190	1	3	2	0	0	28	2196	0	1	1	0
1191	1	4	4	0	0	28	2196	0	1	1	0
1192	1	4	4	0	0	28	2196	0	1	1	0
1193	1	4	4	0	0	28	2196	0	1	1	0
1194	1	3	2	0	0	28	2196	0	1	1	0
1195	1	1	1	0	0	28	2196	0	1	1	0
1196	1	3	2	0	0	28	2196	0	1	1	0
1197	1	3	2	0	0	28	2196	0	1	1	0
1198	1	4	4	0	0	28	2196	0	1	1	0
1199	1	3	2	0	0	28	2196	0	1	1	0
1200	1	4	4	0	0	28	2196	0	1	1	0
1202	1	2	6	0	0	28	2196	0	1	1	0
1203	1	3	2	0	0	28	2196	0	1	1	0
1204	1	3	2	0	0	28	2196	0	1	1	0
1205	1	1	1	0	0	28	2196	0	1	1	0
1206	1	3	2	0	0	28	2196	0	1	1	0
1207	1	2	6	0	0	28	2196	0	1	1	0
1208	1	3	2	0	0	28	2196	0	1	1	0
1209	1	4	4	0	0	28	2196	0	1	1	0
1210	1	4	4	0	0	28	2196	0	1	1	0
1211	1	3	2	0	0	28	2196	0	1	1	0
1213	1	4	4	0	0	28	2196	0	1	1	0
1214	1	3	2	0	0	28	2196	0	1	1	0
1215	1	1	1	0	0	28	2196	0	1	1	0
1216	1	4	4	0	0	28	2196	0	1	1	0
1217	1	4	4	0	0	28	2196	0	1	1	0
1218	1	4	4	0	0	28	2196	0	1	1	0
1219	1	3	2	0	0	28	2196	0	1	1	0
1220	1	3	2	0	0	28	2196	0	1	1	0
1221	1	3	2	0	0	28	2196	0	1	1	0
1222	1	2	6	0	0	28	2196	0	1	1	0
1223	1	4	4	0	0	28	2196	0	1	1	0
1224	1	4	4	0	0	28	2196	0	1	1	0
1225	1	1	1	0	0	28	2196	0	1	1	0
1226	1	4	4	0	0	28	2196	0	1	1	0
1227	1	3	2	0	0	28	2196	0	1	1	0
1228	1	4	4	0	0	28	2196	0	1	1	0
1229	1	2	6	0	0	28	2196	0	1	1	0
1230	1	3	2	0	0	28	2196	0	1	1	0
1231	1	4	4	0	0	28	2196	0	1	1	0
1232	1	3	2	0	0	28	2196	0	1	1	0
1233	1	4	4	0	0	28	2196	0	1	1	0
1234	1	3	2	0	0	28	2196	0	1	1	0
1235	1	1	1	0	0	28	2196	0	1	1	0
1236	1	4	4	0	0	28	2196	0	1	1	0
1237	1	3	2	0	0	28	2196	0	1	1	0
1238	1	2	6	0	0	28	2196	0	1	1	0
1239	1	4	4	0	0	28	2196	0	1	1	0
1240	1	3	2	0	0	28	2196	0	1	1	0
1241	1	4	4	0	0	28	2196	0	1	1	0
1242	1	4	4	0	0	28	2196	0	1	1	0
1244	1	3	2	0	0	28	2196	0	1	1	0
1245	1	1	1	0	0	28	2196	0	1	1	0
1246	1	3	2	0	0	28	2196	0	1	1	0
1247	1	4	4	0	0	28	2196	0	1	1	0
1248	1	3	2	0	0	28	2196	0	1	1	0
1249	1	2	6	0	0	28	2196	0	1	1	0
1250	1	3	2	0	0	28	2196	0	1	1	0
1251	1	3	2	0	0	28	2196	0	1	1	0
1252	1	4	4	0	0	28	2196	0	1	1	0
1253	1	3	2	0	0	28	2196	0	1	1	0
1254	1	3	2	0	0	28	2196	0	1	1	0
1255	1	1	1	0	0	28	2196	0	1	1	0
1256	1	3	2	0	0	28	2196	0	1	1	0
1257	1	4	4	0	0	28	2196	0	1	1	0
1261	1	4	4	0	0	28	2196	0	1	1	0
1262	1	4	4	0	0	28	2196	0	1	1	0
1263	1	4	4	0	0	28	2196	0	1	1	0
1264	1	2	6	0	0	28	2196	0	1	1	0
1265	1	1	1	0	0	28	2196	0	1	1	0
1266	1	3	2	0	0	28	2196	0	1	1	0
1267	1	4	4	0	0	28	2196	0	1	1	0
1268	1	3	2	0	0	28	2196	0	1	1	0
1269	1	4	4	0	0	28	2196	0	1	1	0
1270	1	3	2	0	0	28	2196	0	1	1	0
1271	1	2	6	0	0	28	2196	0	1	1	0
1272	1	3	2	0	0	28	2196	0	1	1	0
1273	1	4	4	0	0	28	2196	0	1	1	0
1274	1	4	4	0	0	28	2196	0	1	1	0
1275	1	1	1	0	0	28	2196	0	1	1	0
1276	1	3	2	0	0	28	2196	0	1	1	0
1277	1	4	4	0	0	28	2196	0	1	1	0
1278	1	2	6	0	0	28	2196	0	1	1	0
1279	1	3	2	0	0	28	2196	0	1	1	0
1280	1	4	4	0	0	28	2196	0	1	1	0
1281	1	3	2	0	0	28	2196	0	1	1	0
1282	1	4	4	0	0	28	2196	0	1	1	0
1283	1	3	2	0	0	28	2196	0	1	1	0
1284	1	3	2	0	0	28	2196	0	1	1	0
1285	1	1	1	0	0	28	2196	0	1	1	0
1286	1	4	4	0	0	28	2196	0	1	1	0
1287	1	3	2	0	0	28	2196	0	1	1	0
1289	1	2	6	0	0	28	2196	0	1	1	0
1290	1	4	4	0	0	28	2196	0	1	1	0
1291	1	4	4	0	0	28	2196	0	1	1	0
1292	1	3	2	0	0	28	2196	0	1	1	0
1294	1	4	4	0	0	28	2196	0	1	1	0
1295	1	1	1	0	0	28	2196	0	1	1	0
1296	1	3	2	0	0	28	2196	0	1	1	0
1297	1	4	4	0	0	28	2196	0	1	1	0
1298	1	3	2	0	0	28	2196	0	1	1	0
1299	1	3	2	0	0	28	2196	0	1	1	0
1300	1	4	4	0	0	28	2196	0	1	1	0
1301	1	2	6	0	0	28	2196	0	1	1	0
1302	1	4	4	0	0	28	2196	0	1	1	0
1303	1	3	2	0	0	28	2196	0	1	1	0
1304	1	3	2	0	0	28	2196	0	1	1	0
1305	1	1	1	0	0	28	2196	0	1	1	0
1306	1	4	4	0	0	28	2196	0	1	1	0
1307	1	3	2	0	0	28	2196	0	1	1	0
1308	1	2	6	0	0	28	2196	0	1	1	0
1309	1	4	4	0	0	28	2196	0	1	1	0
1310	1	3	2	0	0	28	2196	0	1	1	0
1311	1	3	2	0	0	28	2196	0	1	1	0
1312	1	4	4	0	0	28	2196	0	1	1	0
1313	1	4	4	0	0	28	2196	0	1	1	0
1314	1	3	2	0	0	28	2196	0	1	1	0
1315	1	1	1	0	0	28	2196	0	1	1	0
1316	1	4	4	0	0	28	2196	0	1	1	0
1317	1	3	2	0	0	28	2196	0	1	1	0
1318	1	4	4	0	0	28	2196	0	1	1	0
1320	1	4	4	0	0	28	2196	0	1	1	0
1321	1	4	4	0	0	28	2196	0	1	1	0
1322	1	4	4	0	0	28	2196	0	1	1	0
1323	1	4	4	0	0	28	2196	0	1	1	0
1324	1	2	6	0	0	28	2196	0	1	1	0
1325	1	1	1	0	0	28	2196	0	1	1	0
1326	1	3	2	0	0	28	2196	0	1	1	0
1327	1	3	2	0	0	28	2196	0	1	1	0
1328	1	3	2	0	0	28	2196	0	1	1	0
1329	1	3	2	0	0	28	2196	0	1	1	0
1330	1	4	4	0	0	28	2196	0	1	1	0
1331	1	2	6	0	0	28	2196	0	1	1	0
1332	1	3	2	0	0	28	2196	0	1	1	0
1333	1	3	2	0	0	28	2196	0	1	1	0
1334	1	4	4	0	0	28	2196	0	1	1	0
1335	1	1	1	0	0	28	2196	0	1	1	0
1336	1	4	4	0	0	28	2196	0	1	1	0
1337	1	3	2	0	0	28	2196	0	1	1	0
1338	1	3	2	0	0	28	2196	0	1	1	0
1339	1	4	4	0	0	28	2196	0	1	1	0
1340	1	2	6	0	0	28	2196	0	1	1	0
1341	1	4	4	0	0	28	2196	0	1	1	0
1342	1	3	2	0	0	28	2196	0	1	1	0
1343	1	4	4	0	0	28	2196	0	1	1	0
1344	1	3	2	0	0	28	2196	0	1	1	0
1345	1	1	1	0	0	28	2196	0	1	1	0
1346	1	4	4	0	0	28	2196	0	1	1	0
1347	1	3	2	0	0	28	2196	0	1	1	0
1348	1	2	6	0	0	28	2196	0	1	1	0
1349	1	4	4	0	0	28	2196	0	1	1	0
1350	1	3	2	0	0	28	2196	0	1	1	0
1351	1	4	4	0	0	28	2196	0	1	1	0
1354	1	3	2	0	0	28	2196	0	1	1	0
1355	1	1	1	0	0	28	2196	0	1	1	0
1356	1	3	2	0	0	28	2196	0	1	1	0
1357	1	4	4	0	0	28	2196	0	1	1	0
1358	1	4	4	0	0	28	2196	0	1	1	0
1359	1	3	2	0	0	28	2196	0	1	1	0
1360	1	4	4	0	0	28	2196	0	1	1	0
1361	1	2	6	0	0	28	2196	0	1	1	0
1362	1	3	2	0	0	28	2196	0	1	1	0
1364	1	4	4	0	0	28	2196	0	1	1	0
1365	1	1	1	0	0	28	2196	0	1	1	0
1366	1	3	2	0	0	28	2196	0	1	1	0
1367	1	4	4	0	0	28	2196	0	1	1	0
1368	1	3	2	0	0	28	2196	0	1	1	0
1369	1	2	6	0	0	28	2196	0	1	1	0
1370	1	3	2	0	0	28	2196	0	1	1	0
1371	1	4	4	0	0	28	2196	0	1	1	0
1372	1	3	2	0	0	28	2196	0	1	1	0
1373	1	3	2	0	0	28	2196	0	1	1	0
1374	1	4	4	0	0	28	2196	0	1	1	0
1375	1	1	1	0	0	28	2196	0	1	1	0
1376	1	3	2	0	0	28	2196	0	1	1	0
1378	1	4	4	0	0	28	2196	0	1	1	0
1379	1	4	4	0	0	28	2196	0	1	1	0
1380	1	4	4	0	0	28	2196	0	1	1	0
1381	1	3	2	0	0	28	2196	0	1	1	0
1382	1	4	4	0	0	28	2196	0	1	1	0
1383	1	4	4	0	0	28	2196	0	1	1	0
1384	1	4	4	0	0	28	2196	0	1	1	0
1385	1	2	6	0	0	28	2196	0	1	1	0
1386	1	1	1	0	0	28	2196	0	1	1	0
1387	1	3	2	0	0	28	2196	0	1	1	0
1388	1	3	2	0	0	28	2196	0	1	1	0
1389	1	3	2	0	0	28	2196	0	1	1	0
1390	1	4	4	0	0	28	2196	0	1	1	0
1391	1	3	2	0	0	28	2196	0	1	1	0
1392	1	2	6	0	0	28	2196	0	1	1	0
1393	1	4	4	0	0	28	2196	0	1	1	0
1394	1	3	2	0	0	28	2196	0	1	1	0
1395	1	1	1	0	0	28	2196	0	1	1	0
1396	1	4	4	0	0	28	2196	0	1	1	0
1397	1	3	2	0	0	28	2196	0	1	1	0
1398	1	4	4	0	0	28	2196	0	1	1	0
1399	1	2	6	0	0	28	2196	0	1	1	0
1400	1	3	2	0	0	28	2196	0	1	1	0
1401	1	4	4	0	0	28	2196	0	1	1	0
1402	1	3	2	0	0	28	2196	0	1	1	0
1403	1	4	4	0	0	28	2196	0	1	1	0
1404	1	3	2	0	0	28	2196	0	1	1	0
1405	1	1	1	0	0	28	2196	0	1	1	0
1406	1	4	4	0	0	28	2196	0	1	1	0
1407	1	3	2	0	0	28	2196	0	1	1	0
1408	1	2	6	0	0	28	2196	0	1	1	0
1409	1	4	4	0	0	28	2196	0	1	1	0
1410	1	3	2	0	0	28	2196	0	1	1	0
1412	1	4	4	0	0	28	2196	0	1	1	0
1414	1	3	2	0	0	28	2196	0	1	1	0
1415	1	1	1	0	0	28	2196	0	1	1	0
1416	1	4	4	0	0	28	2196	0	1	1	0
1417	1	3	2	0	0	28	2196	0	1	1	0
1418	1	3	2	0	0	28	2196	0	1	1	0
1420	1	2	6	0	0	28	2196	0	1	1	0
1421	1	3	2	0	0	28	2196	0	1	1	0
1422	1	3	2	0	0	28	2196	0	1	1	0
1423	1	3	2	0	0	28	2196	0	1	1	0
1424	1	4	4	0	0	28	2196	0	1	1	0
1425	1	1	1	0	0	28	2196	0	1	1	0
1426	1	4	4	0	0	28	2196	0	1	1	0
1427	1	4	4	0	0	28	2196	0	1	1	0
1428	1	2	6	0	0	28	2196	0	1	1	0
1429	1	4	4	0	0	28	2196	0	1	1	0
1430	1	4	4	0	0	28	2196	0	1	1	0
1431	1	3	2	0	0	28	2196	0	1	1	0
1432	1	3	2	0	0	28	2196	0	1	1	0
1433	1	4	4	0	0	28	2196	0	1	1	0
1434	1	4	4	0	0	28	2196	0	1	1	0
1435	1	1	1	0	0	28	2196	0	1	1	0
1436	1	3	2	0	0	28	2196	0	1	1	0
1437	1	4	4	0	0	28	2196	0	1	1	0
1438	1	2	6	0	0	28	2196	0	1	1	0
1439	1	3	2	0	0	28	2196	0	1	1	0
1440	1	3	2	0	0	28	2196	0	1	1	0
1441	1	4	4	0	0	28	2196	0	1	1	0
1442	1	4	4	0	0	28	2196	0	1	1	0
1443	1	3	2	0	0	28	2196	0	1	1	0
1444	1	4	4	0	0	28	2196	0	1	1	0
1445	1	1	1	0	0	28	2196	0	1	1	0
1446	1	3	2	0	0	28	2196	0	1	1	0
1447	1	4	4	0	0	28	2196	0	1	1	0
1448	1	4	4	0	0	28	2196	0	1	1	0
1449	1	4	4	0	0	28	2196	0	1	1	0
1450	1	4	4	0	0	28	2196	0	1	1	0
1454	1	2	6	0	0	28	2196	0	1	1	0
1455	1	1	1	0	0	28	2196	0	1	1	0
1456	1	3	2	0	0	28	2196	0	1	1	0
1457	1	3	2	0	0	28	2196	0	1	1	0
1458	1	3	2	0	0	28	2196	0	1	1	0
1459	1	3	2	0	0	28	2196	0	1	1	0
1460	1	4	4	0	0	28	2196	0	1	1	0
1461	1	2	6	0	0	28	2196	0	1	1	0
1462	1	3	2	0	0	28	2196	0	1	1	0
1463	1	4	4	0	0	28	2196	0	1	1	0
1464	1	3	2	0	0	28	2196	0	1	1	0
1465	1	1	1	0	0	28	2196	0	1	1	0
1466	1	4	4	0	0	28	2196	0	1	1	0
1467	1	3	2	0	0	28	2196	0	1	1	0
1468	1	4	4	0	0	28	2196	0	1	1	0
1469	1	2	6	0	0	28	2196	0	1	1	0
1470	1	3	2	0	0	28	2196	0	1	1	0
1471	1	3	2	0	0	28	2196	0	1	1	0
1472	1	3	2	0	0	28	2196	0	1	1	0
1474	1	3	2	0	0	28	2196	0	1	1	0
1475	1	1	1	0	0	28	2196	0	1	1	0
1476	1	4	4	0	0	28	2196	0	1	1	0
1477	1	3	2	0	0	28	2196	0	1	1	0
1478	1	2	6	0	0	28	2196	0	1	1	0
1479	1	3	2	0	0	28	2196	0	1	1	0
1480	1	4	4	0	0	28	2196	0	1	1	0
1481	1	4	4	0	0	28	2196	0	1	1	0
1482	1	4	4	0	0	28	2196	0	1	1	0
1483	1	3	2	0	0	28	2196	0	1	1	0
1484	1	3	2	0	0	28	2196	0	1	1	0
1485	1	1	1	0	0	28	2196	0	1	1	0
1486	1	4	4	0	0	28	2196	0	1	1	0
1487	1	4	4	0	0	28	2196	0	1	1	0
1488	1	2	6	0	0	28	2196	0	1	1	0
1489	1	4	4	0	0	28	2196	0	1	1	0
1490	1	3	2	0	0	28	2196	0	1	1	0
1491	1	3	2	0	0	28	2196	0	1	1	0
1492	1	4	4	0	0	28	2196	0	1	1	0
1493	1	4	4	0	0	28	2196	0	1	1	0
1494	1	4	4	0	0	28	2196	0	1	1	0
1495	1	1	1	0	0	28	2196	0	1	1	0
1496	1	3	2	0	0	28	2196	0	1	1	0
1497	1	4	4	0	0	28	2196	0	1	1	0
1498	1	4	4	0	0	28	2196	0	1	1	0
1499	1	3	2	0	0	28	2196	0	1	1	0
1500	1	4	4	0	0	28	2196	0	1	1	0
1501	1	2	6	0	0	28	2196	0	1	1	0
1502	1	3	2	0	0	28	2196	0	1	1	0
1503	1	3	2	0	0	28	2196	0	1	1	0
1504	1	4	4	0	0	28	2196	0	1	1	0
1505	1	1	1	0	0	28	2196	0	1	1	0
1506	1	3	2	0	0	28	2196	0	1	1	0
1507	1	4	4	0	0	28	2196	0	1	1	0
1508	1	2	6	0	0	28	2196	0	1	1	0
1509	1	3	2	0	0	28	2196	0	1	1	0
1510	1	4	4	0	0	28	2196	0	1	1	0
1511	1	3	2	0	0	28	2196	0	1	1	0
1512	1	4	4	0	0	28	2196	0	1	1	0
1513	1	3	2	0	0	28	2196	0	1	1	0
1514	1	4	4	0	0	28	2196	0	1	1	0
1515	1	1	1	0	0	28	2196	0	1	1	0
1516	1	3	2	0	0	28	2196	0	1	1	0
1517	1	4	4	0	0	28	2196	0	1	1	0
1518	1	4	4	0	0	28	2196	0	1	1	0
1520	1	4	4	0	0	28	2196	0	1	1	0
1521	1	4	4	0	0	28	2196	0	1	1	0
1524	1	4	4	0	0	28	2196	0	1	1	0
1525	1	2	6	0	0	28	2196	0	1	1	0
1526	1	1	1	0	0	28	2196	0	1	1	0
1527	1	3	2	0	0	28	2196	0	1	1	0
1528	1	3	2	0	0	28	2196	0	1	1	0
1529	1	3	2	0	0	28	2196	0	1	1	0
1530	1	2	6	0	0	28	2196	0	1	1	0
1531	1	3	2	0	0	28	2196	0	1	1	0
1532	1	3	2	0	0	28	2196	0	1	1	0
1533	1	4	4	0	0	28	2196	0	1	1	0
1534	1	3	2	0	0	28	2196	0	1	1	0
1535	1	1	1	0	0	28	2196	0	1	1	0
1536	1	4	4	0	0	28	2196	0	1	1	0
1537	1	3	2	0	0	28	2196	0	1	1	0
1538	1	2	6	0	0	28	2196	0	1	1	0
1539	1	4	4	0	0	28	2196	0	1	1	0
1540	1	3	2	0	0	28	2196	0	1	1	0
1542	1	4	4	0	0	28	2196	0	1	1	0
1543	1	4	4	0	0	28	2196	0	1	1	0
1544	1	3	2	0	0	28	2196	0	1	1	0
1545	1	1	1	0	0	28	2196	0	1	1	0
1546	1	3	2	0	0	28	2196	0	1	1	0
1547	1	4	4	0	0	28	2196	0	1	1	0
1548	1	3	2	0	0	28	2196	0	1	1	0
1549	1	4	4	0	0	28	2196	0	1	1	0
1550	1	2	6	0	0	28	2196	0	1	1	0
1551	1	3	2	0	0	28	2196	0	1	1	0
1552	1	4	4	0	0	28	2196	0	1	1	0
1553	1	3	2	0	0	28	2196	0	1	1	0
1554	1	3	2	0	0	28	2196	0	1	1	0
1555	1	1	1	0	0	28	2196	0	1	1	0
1556	1	3	2	0	0	28	2196	0	1	1	0
1557	1	3	2	0	0	28	2196	0	1	1	0
1558	1	2	6	0	0	28	2196	0	1	1	0
1559	1	4	4	0	0	28	2196	0	1	1	0
1560	1	4	4	0	0	28	2196	0	1	1	0
1561	1	4	4	0	0	28	2196	0	1	1	0
1562	1	4	4	0	0	28	2196	0	1	1	0
1563	1	3	2	0	0	28	2196	0	1	1	0
1564	1	4	4	0	0	28	2196	0	1	1	0
1565	1	1	1	0	0	28	2196	0	1	1	0
1566	1	3	2	0	0	28	2196	0	1	1	0
1567	1	4	4	0	0	28	2196	0	1	1	0
1568	1	3	2	0	0	28	2196	0	1	1	0
1570	1	4	4	0	0	28	2196	0	1	1	0
1575	1	2	6	0	0	28	2196	0	1	1	0
1576	1	1	1	0	0	28	2196	0	1	1	0
1577	1	3	2	0	0	28	2196	0	1	1	0
1578	1	4	4	0	0	28	2196	0	1	1	0
1579	1	3	2	0	0	28	2196	0	1	1	0
1580	1	3	2	0	0	28	2196	0	1	1	0
1581	1	4	4	0	0	28	2196	0	1	1	0
1582	1	2	6	0	0	28	2196	0	1	1	0
1583	1	4	4	0	0	28	2196	0	1	1	0
1584	1	3	2	0	0	28	2196	0	1	1	0
1585	1	1	1	0	0	28	2196	0	1	1	0
1586	1	3	2	0	0	28	2196	0	1	1	0
1587	1	3	2	0	0	28	2196	0	1	1	0
1588	1	3	2	0	0	28	2196	0	1	1	0
1589	1	2	6	0	0	28	2196	0	1	1	0
1590	1	4	4	0	0	28	2196	0	1	1	0
1591	1	4	4	0	0	28	2196	0	1	1	0
1592	1	3	2	0	0	28	2196	0	1	1	0
1593	1	4	4	0	0	28	2196	0	1	1	0
1594	1	3	2	0	0	28	2196	0	1	1	0
1595	1	1	1	0	0	28	2196	0	1	1	0
1596	1	4	4	0	0	28	2196	0	1	1	0
1597	1	4	4	0	0	28	2196	0	1	1	0
1598	1	2	6	0	0	28	2196	0	1	1	0
1599	1	3	2	0	0	28	2196	0	1	1	0
1600	1	3	2	0	0	28	2196	0	1	1	0
1604	1	4	4	0	0	28	2196	0	1	1	0
1605	1	1	1	0	0	28	2196	0	1	1	0
1606	1	3	2	0	0	28	2196	0	1	1	0
1607	1	4	4	0	0	28	2196	0	1	1	0
1608	1	3	2	0	0	28	2196	0	1	1	0
1609	1	3	2	0	0	28	2196	0	1	1	0
1610	1	2	6	0	0	28	2196	0	1	1	0
1612	1	3	2	0	0	28	2196	0	1	1	0
1613	1	3	2	0	0	28	2196	0	1	1	0
1614	1	4	4	0	0	28	2196	0	1	1	0
1615	1	1	1	0	0	28	2196	0	1	1	0
1616	1	4	4	0	0	28	2196	0	1	1	0
1617	1	4	4	0	0	28	2196	0	1	1	0
1618	1	2	6	0	0	28	2196	0	1	1	0
1619	1	3	2	0	0	28	2196	0	1	1	0
1620	1	3	2	0	0	28	2196	0	1	1	0
1621	1	3	2	0	0	28	2196	0	1	1	0
1622	1	4	4	0	0	28	2196	0	1	1	0
1623	1	3	2	0	0	28	2196	0	1	1	0
1624	1	3	2	0	0	28	2196	0	1	1	0
1625	1	1	1	0	0	28	2196	0	1	1	0
1626	1	4	4	0	0	28	2196	0	1	1	0
1627	1	3	2	0	0	28	2196	0	1	1	0
1628	1	4	4	0	0	28	2196	0	1	1	0
1629	1	4	4	0	0	28	2196	0	1	1	0
1630	1	4	4	0	0	28	2196	0	1	1	0
1631	1	4	4	0	0	28	2196	0	1	1	0
1632	1	4	4	0	0	28	2196	0	1	1	0
1633	1	4	4	0	0	28	2196	0	1	1	0
1634	1	2	6	0	0	28	2196	0	1	1	0
1635	1	1	1	0	0	28	2196	0	1	1	0
1636	1	3	2	0	0	28	2196	0	1	1	0
1637	1	4	4	0	0	28	2196	0	1	1	0
1638	1	3	2	0	0	28	2196	0	1	1	0
1639	1	4	4	0	0	28	2196	0	1	1	0
1640	1	3	2	0	0	28	2196	0	1	1	0
1641	1	2	6	0	0	28	2196	0	1	1	0
1642	1	4	4	0	0	28	2196	0	1	1	0
1643	1	3	2	0	0	28	2196	0	1	1	0
1644	1	4	4	0	0	28	2196	0	1	1	0
1645	1	1	1	0	0	28	2196	0	1	1	0
1646	1	3	2	0	0	28	2196	0	1	1	0
1647	1	4	4	0	0	28	2196	0	1	1	0
1648	1	3	2	0	0	28	2196	0	1	1	0
1649	1	2	6	0	0	28	2196	0	1	1	0
1650	1	4	4	0	0	28	2196	0	1	1	0
1651	1	3	2	0	0	28	2196	0	1	1	0
1652	1	4	4	0	0	28	2196	0	1	1	0
1653	1	3	2	0	0	28	2196	0	1	1	0
1654	1	4	4	0	0	28	2196	0	1	1	0
1655	1	1	1	0	0	28	2196	0	1	1	0
1656	1	3	2	0	0	28	2196	0	1	1	0
1657	1	4	4	0	0	28	2196	0	1	1	0
1658	1	2	6	0	0	28	2196	0	1	1	0
1659	1	3	2	0	0	28	2196	0	1	1	0
1661	1	4	4	0	0	28	2196	0	1	1	0
1662	1	4	4	0	0	28	2196	0	1	1	0
1663	1	4	4	0	0	28	2196	0	1	1	0
1664	1	3	2	0	0	28	2196	0	1	1	0
1665	1	1	1	0	0	28	2196	0	1	1	0
1666	1	3	2	0	0	28	2196	0	1	1	0
1667	1	3	2	0	0	28	2196	0	1	1	0
1668	1	4	4	0	0	28	2196	0	1	1	0
1669	1	3	2	0	0	28	2196	0	1	1	0
1670	1	2	6	0	0	28	2196	0	1	1	0
1671	1	3	2	0	0	28	2196	0	1	1	0
1672	1	4	4	0	0	28	2196	0	1	1	0
1673	1	3	2	0	0	28	2196	0	1	1	0
1674	1	4	4	0	0	28	2196	0	1	1	0
1675	1	1	1	0	0	28	2196	0	1	1	0
1676	1	4	4	0	0	28	2196	0	1	1	0
1677	1	3	2	0	0	28	2196	0	1	1	0
1678	1	2	6	0	0	28	2196	0	1	1	0
1679	1	4	4	0	0	28	2196	0	1	1	0
1680	1	3	2	0	0	28	2196	0	1	1	0
1684	1	4	4	0	0	28	2196	0	1	1	0
1685	1	1	1	0	0	28	2196	0	1	1	0
1686	1	3	2	0	0	28	2196	0	1	1	0
1687	1	4	4	0	0	28	2196	0	1	1	0
1688	1	3	2	0	0	28	2196	0	1	1	0
1689	1	4	4	0	0	28	2196	0	1	1	0
1690	1	2	6	0	0	28	2196	0	1	1	0
1691	1	3	2	0	0	28	2196	0	1	1	0
1692	1	3	2	0	0	28	2196	0	1	1	0
1693	1	4	4	0	0	28	2196	0	1	1	0
1694	1	4	4	0	0	28	2196	0	1	1	0
1695	1	1	1	0	0	28	2196	0	1	1	0
1696	1	3	2	0	0	28	2196	0	1	1	0
1697	1	4	4	0	0	28	2196	0	1	1	0
1698	1	2	6	0	0	28	2196	0	1	1	0
1699	1	3	2	0	0	28	2196	0	1	1	0
1700	1	3	2	0	0	28	2196	0	1	1	0
1701	1	4	4	0	0	28	2196	0	1	1	0
1702	1	4	4	0	0	28	2196	0	1	1	0
1703	1	4	4	0	0	28	2196	0	1	1	0
1704	1	3	2	0	0	28	2196	0	1	1	0
1705	1	1	1	0	0	28	2196	0	1	1	0
1706	1	3	2	0	0	28	2196	0	1	1	0
1707	1	4	4	0	0	28	2196	0	1	1	0
1708	1	4	4	0	0	28	2196	0	1	1	0
1709	1	3	2	0	0	28	2196	0	1	1	0
1710	1	3	2	0	0	28	2196	0	1	1	0
1711	1	2	6	0	0	28	2196	0	1	1	0
1712	1	4	4	0	0	28	2196	0	1	1	0
1713	1	3	2	0	0	28	2196	0	1	1	0
1714	1	4	4	0	0	28	2196	0	1	1	0
1715	1	1	1	0	0	28	2196	0	1	1	0
1716	1	3	2	0	0	28	2196	0	1	1	0
1717	1	4	4	0	0	28	2196	0	1	1	0
1718	1	3	2	0	0	28	2196	0	1	1	0
1719	1	2	6	0	0	28	2196	0	1	1	0
1720	1	4	4	0	0	28	2196	0	1	1	0
1721	1	3	2	0	0	28	2196	0	1	1	0
1722	1	4	4	0	0	28	2196	0	1	1	0
1723	1	3	2	0	0	28	2196	0	1	1	0
1724	1	4	4	0	0	28	2196	0	1	1	0
1725	1	1	1	0	0	28	2196	0	1	1	0
1726	1	3	2	0	0	28	2196	0	1	1	0
1727	1	4	4	0	0	28	2196	0	1	1	0
1728	1	2	6	0	0	28	2196	0	1	1	0
1729	1	3	2	0	0	28	2196	0	1	1	0
1730	1	4	4	0	0	28	2196	0	1	1	0
1731	1	4	4	0	0	28	2196	0	1	1	0
1732	1	4	4	0	0	28	2196	0	1	1	0
1733	1	3	2	0	0	28	2196	0	1	1	0
1734	1	3	2	0	0	28	2196	0	1	1	0
1735	1	1	1	0	0	28	2196	0	1	1	0
1736	1	3	2	0	0	28	2196	0	1	1	0
1737	1	4	4	0	0	28	2196	0	1	1	0
1738	1	2	6	0	0	28	2196	0	1	1	0
1739	1	3	2	0	0	28	2196	0	1	1	0
1740	1	4	4	0	0	28	2196	0	1	1	0
1741	1	3	2	0	0	28	2196	0	1	1	0
1742	1	3	2	0	0	28	2196	0	1	1	0
1744	1	4	4	0	0	28	2196	0	1	1	0
1745	1	1	1	0	0	28	2196	0	1	1	0
1746	1	3	2	0	0	28	2196	0	1	1	0
1747	1	4	4	0	0	28	2196	0	1	1	0
1749	1	4	4	0	0	28	2196	0	1	1	0
1750	1	4	4	0	0	28	2196	0	1	1	0
1751	1	3	2	0	0	28	2196	0	1	1	0
1752	1	2	6	0	0	28	2196	0	1	1	0
1753	1	4	4	0	0	28	2196	0	1	1	0
1754	1	3	2	0	0	28	2196	0	1	1	0
1755	1	1	1	0	0	28	2196	0	1	1	0
1756	1	3	2	0	0	28	2196	0	1	1	0
1757	1	4	4	0	0	28	2196	0	1	1	0
1758	1	3	2	0	0	28	2196	0	1	1	0
1760	1	3	2	0	0	28	2196	0	1	1	0
1761	1	2	6	0	0	28	2196	0	1	1	0
1762	1	4	4	0	0	28	2196	0	1	1	0
1763	1	3	2	0	0	28	2196	0	1	1	0
1764	1	4	4	0	0	28	2196	0	1	1	0
1765	1	1	1	0	0	28	2196	0	1	1	0
1766	1	4	4	0	0	28	2196	0	1	1	0
1767	1	3	2	0	0	28	2196	0	1	1	0
1768	1	2	6	0	0	28	2196	0	1	1	0
1769	1	4	4	0	0	28	2196	0	1	1	0
1770	1	3	2	0	0	28	2196	0	1	1	0
1771	1	4	4	0	0	28	2196	0	1	1	0
1772	1	3	2	0	0	28	2196	0	1	1	0
1773	1	4	4	0	0	28	2196	0	1	1	0
1774	1	3	2	0	0	28	2196	0	1	1	0
1775	1	1	1	0	0	28	2196	0	1	1	0
1776	1	4	4	0	0	28	2196	0	1	1	0
1777	1	3	2	0	0	28	2196	0	1	1	0
1778	1	4	4	0	0	28	2196	0	1	1	0
1779	1	4	4	0	0	28	2196	0	1	1	0
1780	1	4	4	0	0	28	2196	0	1	1	0
1782	1	2	6	0	0	28	2196	0	1	1	0
1783	1	3	2	0	0	28	2196	0	1	1	0
1784	1	3	2	0	0	28	2196	0	1	1	0
1785	1	1	1	0	0	28	2196	0	1	1	0
1786	1	3	2	0	0	28	2196	0	1	1	0
1787	1	2	6	0	0	28	2196	0	1	1	0
1788	1	3	2	0	0	28	2196	0	1	1	0
1789	1	3	2	0	0	28	2196	0	1	1	0
1790	1	4	4	0	0	28	2196	0	1	1	0
1791	1	3	2	0	0	28	2196	0	1	1	0
1793	1	4	4	0	0	28	2196	0	1	1	0
1794	1	3	2	0	0	28	2196	0	1	1	0
1795	1	1	1	0	0	28	2196	0	1	1	0
1796	1	4	4	0	0	28	2196	0	1	1	0
1797	1	4	4	0	0	28	2196	0	1	1	0
1799	1	3	2	0	0	28	2196	0	1	1	0
1800	1	3	2	0	0	28	2196	0	1	1	0
1801	1	4	4	0	0	28	2196	0	1	1	0
1802	1	2	6	0	0	28	2196	0	1	1	0
1803	1	3	2	0	0	28	2196	0	1	1	0
1804	1	3	2	0	0	28	2196	0	1	1	0
1805	1	1	1	0	0	28	2196	0	1	1	0
1806	1	4	4	0	0	28	2196	0	1	1	0
1807	1	3	2	0	0	28	2196	0	1	1	0
1808	1	3	2	0	0	28	2196	0	1	1	0
1809	1	2	6	0	0	28	2196	0	1	1	0
1810	1	4	4	0	0	28	2196	0	1	1	0
1811	1	4	4	0	0	28	2196	0	1	1	0
1812	1	3	2	0	0	28	2196	0	1	1	0
1813	1	4	4	0	0	28	2196	0	1	1	0
1814	1	4	4	0	0	28	2196	0	1	1	0
1815	1	1	1	0	0	28	2196	0	1	1	0
1816	1	4	4	0	0	28	2196	0	1	1	0
1817	1	3	2	0	0	28	2196	0	1	1	0
1818	1	2	6	0	0	28	2196	0	1	1	0
1819	1	4	4	0	0	28	2196	0	1	1	0
1820	1	3	2	0	0	28	2196	0	1	1	0
1821	1	3	2	0	0	28	2196	0	1	1	0
1822	1	4	4	0	0	28	2196	0	1	1	0
1823	1	4	4	0	0	28	2196	0	1	1	0
1824	1	4	4	0	0	28	2196	0	1	1	0
1825	1	1	1	0	0	28	2196	0	1	1	0
1826	1	3	2	0	0	28	2196	0	1	1	0
1827	1	4	4	0	0	28	2196	0	1	1	0
1829	1	3	2	0	0	28	2196	0	1	1	0
1830	1	3	2	0	0	28	2196	0	1	1	0
1831	1	3	2	0	0	28	2196	0	1	1	0
1832	1	4	4	0	0	28	2196	0	1	1	0
1834	1	2	6	0	0	28	2196	0	1	1	0
1835	1	1	1	0	0	28	2196	0	1	1	0
1836	1	4	4	0	0	28	2196	0	1	1	0
1837	1	3	2	0	0	28	2196	0	1	1	0
1838	1	3	2	0	0	28	2196	0	1	1	0
1839	1	3	2	0	0	28	2196	0	1	1	0
1840	1	3	2	0	0	28	2196	0	1	1	0
1841	1	2	6	0	0	28	2196	0	1	1	0
1842	1	4	4	0	0	28	2196	0	1	1	0
1843	1	3	2	0	0	28	2196	0	1	1	0
1844	1	3	2	0	0	28	2196	0	1	1	0
1845	1	1	1	0	0	28	2196	0	1	1	0
1846	1	3	2	0	0	28	2196	0	1	1	0
1847	1	3	2	0	0	28	2196	0	1	1	0
1849	1	2	6	0	0	28	2196	0	1	1	0
1850	1	4	4	0	0	28	2196	0	1	1	0
1851	1	3	2	0	0	28	2196	0	1	1	0
1852	1	4	4	0	0	28	2196	0	1	1	0
1853	1	3	2	0	0	28	2196	0	1	1	0
1854	1	4	4	0	0	28	2196	0	1	1	0
1855	1	1	1	0	0	28	2196	0	1	1	0
1856	1	4	4	0	0	28	2196	0	1	1	0
1857	1	4	4	0	0	28	2196	0	1	1	0
1858	1	2	6	0	0	28	2196	0	1	1	0
1859	1	3	2	0	0	28	2196	0	1	1	0
1860	1	3	2	0	0	28	2196	0	1	1	0
1861	1	4	4	0	0	28	2196	0	1	1	0
1862	1	4	4	0	0	28	2196	0	1	1	0
1863	1	4	4	0	0	28	2196	0	1	1	0
1864	1	3	2	0	0	28	2196	0	1	1	0
1865	1	1	1	0	0	28	2196	0	1	1	0
1866	1	4	4	0	0	28	2196	0	1	1	0
1867	1	4	4	0	0	28	2196	0	1	1	0
1868	1	4	4	0	0	28	2196	0	1	1	0
1869	1	3	2	0	0	28	2196	0	1	1	0
1870	1	2	6	0	0	28	2196	0	1	1	0
1871	1	4	4	0	0	28	2196	0	1	1	0
1872	1	3	2	0	0	28	2196	0	1	1	0
1873	1	4	4	0	0	28	2196	0	1	1	0
1874	1	3	2	0	0	28	2196	0	1	1	0
1875	1	1	1	0	0	28	2196	0	1	1	0
1876	1	4	4	0	0	28	2196	0	1	1	0
1877	1	3	2	0	0	28	2196	0	1	1	0
1878	1	2	6	0	0	28	2196	0	1	1	0
1879	1	3	2	0	0	28	2196	0	1	1	0
1880	1	3	2	0	0	28	2196	0	1	1	0
1881	1	3	2	0	0	28	2196	0	1	1	0
1882	1	4	4	0	0	28	2196	0	1	1	0
1884	1	3	2	0	0	28	2196	0	1	1	0
1885	1	1	1	0	0	28	2196	0	1	1	0
1886	1	4	4	0	0	28	2196	0	1	1	0
1887	1	4	4	0	0	28	2196	0	1	1	0
1888	1	4	4	0	0	28	2196	0	1	1	0
1889	1	3	2	0	0	28	2196	0	1	1	0
1890	1	3	2	0	0	28	2196	0	1	1	0
1891	1	2	6	0	0	28	2196	0	1	1	0
1892	1	4	4	0	0	28	2196	0	1	1	0
1893	1	3	2	0	0	28	2196	0	1	1	0
1894	1	4	4	0	0	28	2196	0	1	1	0
1895	1	1	1	0	0	28	2196	0	1	1	0
1896	1	4	4	0	0	28	2196	0	1	1	0
1897	1	3	2	0	0	28	2196	0	1	1	0
1898	1	2	6	0	0	28	2196	0	1	1	0
1899	1	4	4	0	0	28	2196	0	1	1	0
1900	1	4	4	0	0	28	2196	0	1	1	0
1901	1	3	2	0	0	28	2196	0	1	1	0
1902	1	4	4	0	0	28	2196	0	1	1	0
1903	1	3	2	0	0	28	2196	0	1	1	0
1904	1	3	2	0	0	28	2196	0	1	1	0
1905	1	1	1	0	0	28	2196	0	1	1	0
1906	1	4	4	0	0	28	2196	0	1	1	0
1907	1	3	2	0	0	28	2196	0	1	1	0
1908	1	4	4	0	0	28	2196	0	1	1	0
1909	1	4	4	0	0	28	2196	0	1	1	0
1911	1	4	4	0	0	28	2196	0	1	1	0
1913	1	4	4	0	0	28	2196	0	1	1	0
1914	1	2	6	0	0	28	2196	0	1	1	0
1915	1	1	1	0	0	28	2196	0	1	1	0
1916	1	3	2	0	0	28	2196	0	1	1	0
1917	1	3	2	0	0	28	2196	0	1	1	0
1918	1	3	2	0	0	28	2196	0	1	1	0
1919	1	4	4	0	0	28	2196	0	1	1	0
1920	1	3	2	0	0	28	2196	0	1	1	0
1921	1	2	6	0	0	28	2196	0	1	1	0
1922	1	4	4	0	0	28	2196	0	1	1	0
1923	1	3	2	0	0	28	2196	0	1	1	0
1924	1	3	2	0	0	28	2196	0	1	1	0
1925	1	1	1	0	0	28	2196	0	1	1	0
1926	1	4	4	0	0	28	2196	0	1	1	0
1927	1	3	2	0	0	28	2196	0	1	1	0
1928	1	4	4	0	0	28	2196	0	1	1	0
1929	1	4	4	0	0	28	2196	0	1	1	0
1930	1	2	6	0	0	28	2196	0	1	1	0
1931	1	3	2	0	0	28	2196	0	1	1	0
1932	1	4	4	0	0	28	2196	0	1	1	0
1934	1	3	2	0	0	28	2196	0	1	1	0
1935	1	1	1	0	0	28	2196	0	1	1	0
1936	1	4	4	0	0	28	2196	0	1	1	0
1937	1	3	2	0	0	28	2196	0	1	1	0
1938	1	4	4	0	0	28	2196	0	1	1	0
1939	1	3	2	0	0	28	2196	0	1	1	0
1940	1	3	2	0	0	28	2196	0	1	1	0
1941	1	4	4	0	0	28	2196	0	1	1	0
1942	1	2	6	0	0	28	2196	0	1	1	0
1943	1	4	4	0	0	28	2196	0	1	1	0
1944	1	3	2	0	0	28	2196	0	1	1	0
1945	1	1	1	0	0	28	2196	0	1	1	0
1946	1	3	2	0	0	28	2196	0	1	1	0
1947	1	4	4	0	0	28	2196	0	1	1	0
1948	1	4	4	0	0	28	2196	0	1	1	0
1949	1	3	2	0	0	28	2196	0	1	1	0
1950	1	2	6	0	0	28	2196	0	1	1	0
1951	1	3	2	0	0	28	2196	0	1	1	0
1952	1	3	2	0	0	28	2196	0	1	1	0
1953	1	3	2	0	0	28	2196	0	1	1	0
1954	1	3	2	0	0	28	2196	0	1	1	0
1955	1	1	1	0	0	28	2196	0	1	1	0
1956	1	4	4	0	0	28	2196	0	1	1	0
1957	1	3	2	0	0	28	2196	0	1	1	0
1958	1	2	6	0	0	28	2196	0	1	1	0
1959	1	3	2	0	0	28	2196	0	1	1	0
1960	1	4	4	0	0	28	2196	0	1	1	0
1961	1	3	2	0	0	28	2196	0	1	1	0
1964	1	3	2	0	0	28	2196	0	1	1	0
1965	1	1	1	0	0	28	2196	0	1	1	0
1966	1	4	4	0	0	28	2196	0	1	1	0
1967	1	4	4	0	0	28	2196	0	1	1	0
1968	1	3	2	0	0	28	2196	0	1	1	0
1969	1	3	2	0	0	28	2196	0	1	1	0
1970	1	2	6	0	0	28	2196	0	1	1	0
1971	1	4	4	0	0	28	2196	0	1	1	0
1972	1	4	4	0	0	28	2196	0	1	1	0
1973	1	3	2	0	0	28	2196	0	1	1	0
1974	1	3	2	0	0	28	2196	0	1	1	0
1975	1	1	1	0	0	28	2196	0	1	1	0
1976	1	4	4	0	0	28	2196	0	1	1	0
1977	1	3	2	0	0	28	2196	0	1	1	0
1978	1	4	4	0	0	28	2196	0	1	1	0
1979	1	4	4	0	0	28	2196	0	1	1	0
1980	1	2	6	0	0	28	2196	0	1	1	0
1981	1	3	2	0	0	28	2196	0	1	1	0
1984	1	4	4	0	0	28	2196	0	1	1	0
1985	1	1	1	0	0	28	2196	0	1	1	0
1986	1	3	2	0	0	28	2196	0	1	1	0
1987	1	3	2	0	0	28	2196	0	1	1	0
1988	1	3	2	0	0	28	2196	0	1	1	0
1989	1	3	2	0	0	28	2196	0	1	1	0
1990	1	2	6	0	0	28	2196	0	1	1	0
1991	1	4	4	0	0	28	2196	0	1	1	0
1992	1	3	2	0	0	28	2196	0	1	1	0
1993	1	3	2	0	0	28	2196	0	1	1	0
1995	1	1	1	0	0	28	2196	0	1	1	0
1996	1	3	2	0	0	28	2196	0	1	1	0
1997	1	4	4	0	0	28	2196	0	1	1	0
1998	1	2	6	0	0	28	2196	0	1	1	0
1999	1	3	2	0	0	28	2196	0	1	1	0
2000	1	3	2	0	0	28	2196	0	1	1	0
2001	1	3	2	0	0	28	2196	0	1	1	0
2002	1	4	4	0	0	28	2196	0	1	1	0
2003	1	4	4	0	0	28	2196	0	1	1	0
2004	1	3	2	0	0	28	2196	0	1	1	0
2005	1	1	1	0	0	28	2196	0	1	1	0
2006	1	3	2	0	0	28	2196	0	1	1	0
2014	1	5	5	0	0	28	2196	0	1	1	0
2016	1	2	6	0	0	28	2196	0	1	1	0
2017	1	1	1	0	0	28	2196	0	1	1	0
2018	1	4	4	0	0	28	2196	0	1	1	0
2019	1	4	4	0	0	28	2196	0	1	1	0
2020	1	3	2	0	0	28	2196	0	1	1	0
2021	1	3	2	0	0	28	2196	0	1	1	0
2022	1	3	2	0	0	28	2196	0	1	1	0
2023	1	4	4	0	0	28	2196	0	1	1	0
2025	1	2	6	0	0	28	2196	0	1	1	0
2026	1	1	1	0	0	28	2196	0	1	1	0
2027	1	4	4	0	0	28	2196	0	1	1	0
2028	1	3	2	0	0	28	2196	0	1	1	0
2029	1	3	2	0	0	28	2196	0	1	1	0
2030	1	3	2	0	0	28	2196	0	1	1	0
2031	1	2	6	0	0	28	2196	0	1	1	0
2032	1	4	4	0	0	28	2196	0	1	1	0
2033	1	3	2	0	0	28	2196	0	1	1	0
2034	1	3	2	0	0	28	2196	0	1	1	0
2035	1	1	1	0	0	28	2196	0	1	1	0
2036	1	3	2	0	0	28	2196	0	1	1	0
2037	1	4	4	0	0	28	2196	0	1	1	0
2038	1	4	4	0	0	28	2196	0	1	1	0
2039	1	2	6	0	0	28	2196	0	1	1	0
2040	1	3	2	0	0	28	2196	0	1	1	0
2041	1	3	2	0	0	28	2196	0	1	1	0
2042	1	3	2	0	0	28	2196	0	1	1	0
2043	1	4	4	0	0	28	2196	0	1	1	0
2044	1	3	2	0	0	28	2196	0	1	1	0
2045	1	1	1	0	0	28	2196	0	1	1	0
2046	1	3	2	0	0	28	2196	0	1	1	0
2048	1	2	6	0	0	28	2196	0	1	1	0
2049	1	4	4	0	0	28	2196	0	1	1	0
2050	1	3	2	0	0	28	2196	0	1	1	0
2053	1	4	4	0	0	28	2196	0	1	1	0
2054	1	3	2	0	0	28	2196	0	1	1	0
2055	1	1	1	0	0	28	2196	0	1	1	0
2056	1	3	2	0	0	28	2196	0	1	1	0
2057	1	3	2	0	0	28	2196	0	1	1	0
2058	1	3	2	0	0	28	2196	0	1	1	0
2059	1	3	2	0	0	28	2196	0	1	1	0
2060	1	2	6	0	0	28	2196	0	1	1	0
2061	1	4	4	0	0	28	2196	0	1	1	0
2062	1	4	4	0	0	28	2196	0	1	1	0
2063	1	4	4	0	0	28	2196	0	1	1	0
2064	1	4	4	0	0	28	2196	0	1	1	0
2065	1	1	1	0	0	28	2196	0	1	1	0
2066	1	4	4	0	0	28	2196	0	1	1	0
2067	1	4	4	0	0	28	2196	0	1	1	0
2068	1	2	6	0	0	28	2196	0	1	1	0
2069	1	4	4	0	0	28	2196	0	1	1	0
2070	1	4	4	0	0	28	2196	0	1	1	0
2071	1	3	2	0	0	28	2196	0	1	1	0
2072	1	3	2	0	0	28	2196	0	1	1	0
2073	1	3	2	0	0	28	2196	0	1	1	0
2074	1	4	4	0	0	28	2196	0	1	1	0
2075	1	1	1	0	0	28	2196	0	1	1	0
2076	1	3	2	0	0	28	2196	0	1	1	0
2077	1	4	4	0	0	28	2196	0	1	1	0
2078	1	4	4	0	0	28	2196	0	1	1	0
2079	1	4	4	0	0	28	2196	0	1	1	0
2080	1	4	4	0	0	28	2196	0	1	1	0
2081	1	2	6	0	0	28	2196	0	1	1	0
2082	1	3	2	0	0	28	2196	0	1	1	0
2083	1	3	2	0	0	28	2196	0	1	1	0
2084	1	4	4	0	0	28	2196	0	1	1	0
2085	1	1	1	0	0	28	2196	0	1	1	0
2086	1	3	2	0	0	28	2196	0	1	1	0
2088	1	3	2	0	0	28	2196	0	1	1	0
2089	1	4	4	0	0	28	2196	0	1	1	0
2090	1	3	2	0	0	28	2196	0	1	1	0
2091	1	3	2	0	0	28	2196	0	1	1	0
2093	1	2	6	0	0	28	2196	0	1	1	0
2094	1	4	4	0	0	28	2196	0	1	1	0
2095	1	1	1	0	0	28	2196	0	1	1	0
2096	1	4	4	0	0	28	2196	0	1	1	0
2097	1	3	2	0	0	28	2196	0	1	1	0
2098	1	4	4	0	0	28	2196	0	1	1	0
2099	1	3	2	0	0	28	2196	0	1	1	0
2100	1	3	2	0	0	28	2196	0	1	1	0
2101	1	2	6	0	0	28	2196	0	1	1	0
2102	1	3	2	0	0	28	2196	0	1	1	0
2103	1	3	2	0	0	28	2196	0	1	1	0
2104	1	3	2	0	0	28	2196	0	1	1	0
2105	1	1	1	0	0	28	2196	0	1	1	0
2106	1	4	4	0	0	28	2196	0	1	1	0
2107	1	4	4	0	0	28	2196	0	1	1	0
2108	1	3	2	0	0	28	2196	0	1	1	0
2109	1	2	6	0	0	28	2196	0	1	1	0
2110	1	4	4	0	0	28	2196	0	1	1	0
2111	1	3	2	0	0	28	2196	0	1	1	0
2112	1	4	4	0	0	28	2196	0	1	1	0
2113	1	4	4	0	0	28	2196	0	1	1	0
2114	1	3	2	0	0	28	2196	0	1	1	0
2115	1	1	1	0	0	28	2196	0	1	1	0
2116	1	3	2	0	0	28	2196	0	1	1	0
2117	1	4	4	0	0	28	2196	0	1	1	0
2118	1	2	6	0	0	28	2196	0	1	1	0
2119	1	3	2	0	0	28	2196	0	1	1	0
2120	1	3	2	0	0	28	2196	0	1	1	0
2121	1	3	2	0	0	28	2196	0	1	1	0
2122	1	4	4	0	0	28	2196	0	1	1	0
2123	1	4	4	0	0	28	2196	0	1	1	0
2124	1	4	4	0	0	28	2196	0	1	1	0
2125	1	1	1	0	0	28	2196	0	1	1	0
2126	1	3	2	0	0	28	2196	0	1	1	0
2127	1	4	4	0	0	28	2196	0	1	1	0
2129	1	4	4	0	0	28	2196	0	1	1	0
2130	1	4	4	0	0	28	2196	0	1	1	0
2131	1	3	2	0	0	28	2196	0	1	1	0
2132	1	2	6	0	0	28	2196	0	1	1	0
2133	1	4	4	0	0	28	2196	0	1	1	0
2134	1	4	4	0	0	28	2196	0	1	1	0
2135	1	1	1	0	0	28	2196	0	1	1	0
2136	1	3	2	0	0	28	2196	0	1	1	0
2137	1	4	4	0	0	28	2196	0	1	1	0
2138	1	3	2	0	0	28	2196	0	1	1	0
2139	1	4	4	0	0	28	2196	0	1	1	0
2140	1	3	2	0	0	28	2196	0	1	1	0
2141	1	2	6	0	0	28	2196	0	1	1	0
2142	1	4	4	0	0	28	2196	0	1	1	0
2143	1	3	2	0	0	28	2196	0	1	1	0
2144	1	3	2	0	0	28	2196	0	1	1	0
2145	1	1	1	0	0	28	2196	0	1	1	0
2146	1	3	2	0	0	28	2196	0	1	1	0
2147	1	3	2	0	0	28	2196	0	1	1	0
2149	1	2	6	0	0	28	2196	0	1	1	0
2150	1	3	2	0	0	28	2196	0	1	1	0
2151	1	4	4	0	0	28	2196	0	1	1	0
2152	1	4	4	0	0	28	2196	0	1	1	0
2153	1	3	2	0	0	28	2196	0	1	1	0
2154	1	3	2	0	0	28	2196	0	1	1	0
2155	1	1	1	0	0	28	2196	0	1	1	0
2156	1	3	2	0	0	28	2196	0	1	1	0
2157	1	4	4	0	0	28	2196	0	1	1	0
2158	1	3	2	0	0	28	2196	0	1	1	0
2159	1	3	2	0	0	28	2196	0	1	1	0
2160	1	2	6	0	0	28	2196	0	1	1	0
2161	1	4	4	0	0	28	2196	0	1	1	0
2162	1	3	2	0	0	28	2196	0	1	1	0
2163	1	3	2	0	0	28	2196	0	1	1	0
2165	1	1	1	0	0	28	2196	0	1	1	0
2166	1	4	4	0	0	28	2196	0	1	1	0
2167	1	3	2	0	0	28	2196	0	1	1	0
2168	1	2	6	0	0	28	2196	0	1	1	0
2169	1	4	4	0	0	28	2196	0	1	1	0
2170	1	3	2	0	0	28	2196	0	1	1	0
2172	1	3	2	0	0	28	2196	0	1	1	0
2173	1	3	2	0	0	28	2196	0	1	1	0
2174	1	3	2	0	0	28	2196	0	1	1	0
2175	1	1	1	0	0	28	2196	0	1	1	0
2176	1	3	2	0	0	28	2196	0	1	1	0
2177	1	3	2	0	0	28	2196	0	1	1	0
2179	1	2	6	0	0	28	2196	0	1	1	0
2180	1	3	2	0	0	28	2196	0	1	1	0
2181	1	4	4	0	0	28	2196	0	1	1	0
2182	1	4	4	0	0	28	2196	0	1	1	0
2183	1	4	4	0	0	28	2196	0	1	1	0
2184	1	3	2	0	0	28	2196	0	1	1	0
2185	1	1	1	0	0	28	2196	0	1	1	0
2186	1	3	2	0	0	28	2196	0	1	1	0
2187	1	3	2	0	0	28	2196	0	1	1	0
2188	1	2	6	0	0	28	2196	0	1	1	0
2189	1	4	4	0	0	28	2196	0	1	1	0
2190	1	3	2	0	0	28	2196	0	1	1	0
2191	1	4	4	0	0	28	2196	0	1	1	0
2192	1	3	2	0	0	28	2196	0	1	1	0
2193	1	3	2	0	0	28	2196	0	1	1	0
2194	1	3	2	0	0	28	2196	0	1	1	0
2195	1	1	1	0	0	28	2196	0	1	1	0
2196	1	3	2	0	0	28	2196	0	1	1	0
2204	1	2	6	0	0	28	2196	0	1	1	0
2205	1	1	1	0	0	28	2196	0	1	1	0
2206	1	3	2	0	0	28	2196	0	1	1	0
2207	1	4	4	0	0	28	2196	0	1	1	0
2208	1	4	4	0	0	28	2196	0	1	1	0
2209	1	3	2	0	0	28	2196	0	1	1	0
2210	1	3	2	0	0	28	2196	0	1	1	0
2211	1	3	2	0	0	28	2196	0	1	1	0
2212	1	2	6	0	0	28	2196	0	1	1	0
2213	1	4	4	0	0	28	2196	0	1	1	0
2214	1	4	4	0	0	28	2196	0	1	1	0
2215	1	1	1	0	0	28	2196	0	1	1	0
2216	1	4	4	0	0	28	2196	0	1	1	0
2217	1	4	4	0	0	28	2196	0	1	1	0
2218	1	3	2	0	0	28	2196	0	1	1	0
2219	1	3	2	0	0	28	2196	0	1	1	0
2220	1	2	6	0	0	28	2196	0	1	1	0
2221	1	3	2	0	0	28	2196	0	1	1	0
2222	1	4	4	0	0	28	2196	0	1	1	0
2223	1	3	2	0	0	28	2196	0	1	1	0
2224	1	3	2	0	0	28	2196	0	1	1	0
2225	1	1	1	0	0	28	2196	0	1	1	0
2226	1	3	2	0	0	28	2196	0	1	1	0
2228	1	2	6	0	0	28	2196	0	1	1	0
2229	1	3	2	0	0	28	2196	0	1	1	0
2230	1	3	2	0	0	28	2196	0	1	1	0
2234	1	3	2	0	0	28	2196	0	1	1	0
2235	1	1	1	0	0	28	2196	0	1	1	0
2236	1	3	2	0	0	28	2196	0	1	1	0
2239	1	2	6	0	0	28	2196	0	1	1	0
2240	1	3	2	0	0	28	2196	0	1	1	0
2241	1	3	2	0	0	28	2196	0	1	1	0
2242	1	3	2	0	0	28	2196	0	1	1	0
2243	1	3	2	0	0	28	2196	0	1	1	0
2244	1	3	2	0	0	28	2196	0	1	1	0
2245	1	1	1	0	0	28	2196	0	1	1	0
2246	1	3	2	0	0	28	2196	0	1	1	0
2255	1	2	6	0	0	28	2196	0	1	1	0
2256	1	1	1	0	0	28	2196	0	1	1	0
2257	1	3	2	0	0	28	2196	0	1	1	0
2258	1	3	2	0	0	28	2196	0	1	1	0
2259	1	3	2	0	0	28	2196	0	1	1	0
2260	1	2	6	0	0	28	2196	0	1	1	0
2261	1	3	2	0	0	28	2196	0	1	1	0
2262	1	3	2	0	0	28	2196	0	1	1	0
2263	1	3	2	0	0	28	2196	0	1	1	0
2264	1	3	2	0	0	28	2196	0	1	1	0
2265	1	1	1	0	0	28	2196	0	1	1	0
2266	1	3	2	0	0	28	2196	0	1	1	0
2267	1	2	6	0	0	28	2196	0	1	1	0
2268	1	3	2	0	0	28	2196	0	1	1	0
2275	1	1	1	0	0	28	2196	0	1	1	0
2277	1	3	2	0	0	28	2196	0	1	1	0
2278	1	3	2	0	0	28	2196	0	1	1	0
2279	1	2	6	0	0	28	2196	0	1	1	0
2280	1	3	2	0	0	28	2196	0	1	1	0
2281	1	3	2	0	0	28	2196	0	1	1	0
2282	1	3	2	0	0	28	2196	0	1	1	0
2285	1	1	1	0	0	28	2196	0	1	1	0
2286	1	3	2	0	0	28	2196	0	1	1	0
2287	1	2	6	0	0	28	2196	0	1	1	0
2288	1	3	2	0	0	28	2196	0	1	1	0
2291	1	3	2	0	0	28	2196	0	1	1	0
2292	1	3	2	0	0	28	2196	0	1	1	0
2293	1	3	2	0	0	28	2196	0	1	1	0
2294	1	3	2	0	0	28	2196	0	1	1	0
2295	1	1	1	0	0	28	2196	0	1	1	0
2296	1	3	2	0	0	28	2196	0	1	1	0
2297	1	2	6	0	0	28	2196	0	1	1	0
2298	1	3	2	0	0	28	2196	0	1	1	0
2303	1	3	2	0	0	28	2196	0	1	1	0
2304	1	3	2	0	0	28	2196	0	1	1	0
2305	1	1	1	0	0	28	2196	0	1	1	0
2307	1	3	2	0	0	28	2196	0	1	1	0
2308	1	2	6	0	0	28	2196	0	1	1	0
2309	1	3	2	0	0	28	2196	0	1	1	0
2310	1	3	2	0	0	28	2196	0	1	1	0
2311	1	3	2	0	0	28	2196	0	1	1	0
2313	1	3	2	0	0	28	2196	0	1	1	0
2314	1	3	2	0	0	28	2196	0	1	1	0
2315	1	1	1	0	0	28	2196	0	1	1	0
2317	1	3	2	0	0	28	2196	0	1	1	0
2320	1	2	6	0	0	28	2196	0	1	1	0
2321	1	3	2	0	0	28	2196	0	1	1	0
2323	1	3	2	0	0	28	2196	0	1	1	0
2324	1	3	2	0	0	28	2196	0	1	1	0
2325	1	1	1	0	0	28	2196	0	1	1	0
2326	1	3	2	0	0	28	2196	0	1	1	0
2327	1	2	6	0	0	28	2196	0	1	1	0
2328	1	3	2	0	0	28	2196	0	1	1	0
2329	1	3	2	0	0	28	2196	0	1	1	0
2335	1	1	1	0	0	28	2196	0	1	1	0
2338	1	3	2	0	0	28	2196	0	1	1	0
2339	1	3	2	0	0	28	2196	0	1	1	0
2341	1	2	6	0	0	28	2196	0	1	1	0
2342	1	3	2	0	0	28	2196	0	1	1	0
2343	1	3	2	0	0	28	2196	0	1	1	0
2344	1	3	2	0	0	28	2196	0	1	1	0
2345	1	1	1	0	0	28	2196	0	1	1	0
2346	1	3	2	0	0	28	2196	0	1	1	0
2347	1	2	6	0	0	28	2196	0	1	1	0
2348	1	3	2	0	0	28	2196	0	1	1	0
2354	1	3	2	0	0	28	2196	0	1	1	0
2355	1	1	1	0	0	28	2196	0	1	1	0
2357	1	3	2	0	0	28	2196	0	1	1	0
2358	1	3	2	0	0	28	2196	0	1	1	0
2359	1	2	6	0	0	28	2196	0	1	1	0
2360	1	3	2	0	0	28	2196	0	1	1	0
2361	1	3	2	0	0	28	2196	0	1	1	0
2362	1	3	2	0	0	28	2196	0	1	1	0
2363	1	3	2	0	0	28	2196	0	1	1	0
2364	1	3	2	0	0	28	2196	0	1	1	0
2365	1	1	1	0	0	28	2196	0	1	1	0
2366	1	3	2	0	0	28	2196	0	1	1	0
2375	1	2	6	0	0	28	2196	0	1	1	0
2376	1	1	1	0	0	28	2196	0	1	1	0
2377	1	3	2	0	0	28	2196	0	1	1	0
2378	1	3	2	0	0	28	2196	0	1	1	0
2379	1	2	6	0	0	28	2196	0	1	1	0
2380	1	3	2	0	0	28	2196	0	1	1	0
2381	1	3	2	0	0	28	2196	0	1	1	0
2382	1	3	2	0	0	28	2196	0	1	1	0
2385	1	1	1	0	0	28	2196	0	1	1	0
2386	1	3	2	0	0	28	2196	0	1	1	0
2387	1	2	6	0	0	28	2196	0	1	1	0
2388	1	3	2	0	0	28	2196	0	1	1	0
2391	1	3	2	0	0	28	2196	0	1	1	0
2392	1	3	2	0	0	28	2196	0	1	1	0
2393	1	3	2	0	0	28	2196	0	1	1	0
2394	1	3	2	0	0	28	2196	0	1	1	0
2395	1	1	1	0	0	28	2196	0	1	1	0
2396	1	3	2	0	0	28	2196	0	1	1	0
2397	1	2	6	0	0	28	2196	0	1	1	0
2398	1	3	2	0	0	28	2196	0	1	1	0
2403	1	3	2	0	0	28	2196	0	1	1	0
2404	1	3	2	0	0	28	2196	0	1	1	0
2405	1	1	1	0	0	28	2196	0	1	1	0
2407	1	3	2	0	0	28	2196	0	1	1	0
2408	1	2	6	0	0	28	2196	0	1	1	0
2409	1	3	2	0	0	28	2196	0	1	1	0
2410	1	3	2	0	0	28	2196	0	1	1	0
2411	1	3	2	0	0	28	2196	0	1	1	0
2413	1	3	2	0	0	28	2196	0	1	1	0
2414	1	3	2	0	0	28	2196	0	1	1	0
2415	1	1	1	0	0	28	2196	0	1	1	0
2416	1	3	2	0	0	28	2196	0	1	1	0
2420	1	2	6	0	0	28	2196	0	1	1	0
2421	1	3	2	0	0	28	2196	0	1	1	0
2424	1	3	2	0	0	28	2196	0	1	1	0
2425	1	1	1	0	0	28	2196	0	1	1	0
2426	1	3	2	0	0	28	2196	0	1	1	0
2427	1	2	6	0	0	28	2196	0	1	1	0
2428	1	3	2	0	0	28	2196	0	1	1	0
2429	1	3	2	0	0	28	2196	0	1	1	0
2430	1	3	2	0	0	28	2196	0	1	1	0
2431	1	3	2	0	0	28	2196	0	1	1	0
2432	1	3	2	0	0	28	2196	0	1	1	0
2434	1	3	2	0	0	28	2196	0	1	1	0
2435	1	1	1	0	0	28	2196	0	1	1	0
2436	1	3	2	0	0	28	2196	0	1	1	0
2442	1	4	4	0	0	28	2196	0	1	1	0
2449	1	4	4	0	0	28	2196	0	1	1	0
2455	1	4	4	0	0	28	2196	0	1	1	0
2459	1	1	1	0	0	28	2196	0	1	1	0
2462	1	4	4	0	0	28	2196	0	1	1	0
2468	1	4	4	0	0	28	2196	0	1	1	0
2471	1	1	1	0	0	28	2196	0	1	1	0
2475	1	4	4	0	0	28	2196	0	1	1	0
2479	1	1	1	0	0	28	2196	0	1	1	0
2481	1	4	4	0	0	28	2196	0	1	1	0
2488	1	4	4	0	0	28	2196	0	1	1	0
2492	1	1	1	0	0	28	2196	0	1	1	0
2494	1	4	4	0	0	28	2196	0	1	1	0
2500	1	1	1	0	0	28	2196	0	1	1	0
2501	1	4	4	0	0	28	2196	0	1	1	0
2508	1	4	4	0	0	28	2196	0	1	1	0
2511	1	1	1	0	0	28	2196	0	1	1	0
2513	1	1	1	0	0	28	2196	0	1	1	0
2514	1	4	4	0	0	28	2196	0	1	1	0
2521	1	4	4	0	0	28	2196	0	1	1	0
2523	1	1	1	0	0	28	2196	0	1	1	0
2527	1	4	4	0	0	28	2196	0	1	1	0
2534	1	1	1	0	0	28	2196	0	1	1	0
2535	1	4	4	0	0	28	2196	0	1	1	0
2540	1	4	4	0	0	28	2196	0	1	1	0
2544	1	1	1	0	0	28	2196	0	1	1	0
2547	1	4	4	0	0	28	2196	0	1	1	0
2553	1	4	4	0	0	28	2196	0	1	1	0
2555	1	1	1	0	0	28	2196	0	1	1	0
2558	1	3	2	0	0	28	2196	0	1	1	0
2559	1	3	2	0	0	28	2196	0	1	1	0
2560	1	4	4	0	0	28	2196	0	1	1	0
2561	1	3	2	0	0	28	2196	0	1	1	0
2565	1	1	1	0	0	28	2196	0	1	1	0
2567	1	4	4	0	0	28	2196	0	1	1	0
2578	1	1	1	0	0	28	2196	0	1	1	0
2584	1	4	4	0	0	28	2196	0	1	1	0
2590	1	1	1	0	0	28	2196	0	1	1	0
2599	1	1	1	0	0	28	2196	0	1	1	0
2608	1	1	1	0	0	28	2196	0	1	1	0
2658	1	2	6	0	0	28	2196	0	1	1	0
2659	1	2	6	0	0	28	2196	0	1	1	0
2660	1	2	6	0	0	28	2196	0	1	1	0
2661	1	2	6	0	0	28	2196	0	1	1	0
2662	1	3	2	0	0	28	2196	0	1	1	0
2663	1	3	2	0	0	28	2196	0	1	1	0
2664	1	3	2	0	0	28	2196	0	1	1	0
2665	1	3	2	0	0	28	2196	0	1	1	0
2666	1	3	2	0	0	28	2196	0	1	1	0
2684	1	4	4	0	0	28	2196	0	1	1	0
2729	1	1	1	0	0	28	2196	0	1	1	0
2758	1	3	2	0	0	28	2196	0	1	1	0
2759	1	3	2	0	0	28	2196	0	1	1	0
2760	1	3	2	0	0	28	2196	0	1	1	0
2761	1	3	2	0	0	28	2196	0	1	1	0
2762	1	3	2	0	0	28	2196	0	1	1	0
2784	1	4	4	0	0	28	2196	0	1	1	0
2785	1	4	4	0	0	28	2196	0	1	1	0
2786	1	4	4	0	0	28	2196	0	1	1	0
2787	1	4	4	0	0	28	2196	0	1	1	0
2788	1	4	4	0	0	28	2196	0	1	1	0
2829	1	1	1	0	0	28	2196	0	1	1	0
2830	1	1	1	0	0	28	2196	0	1	1	0
2831	1	1	1	0	0	28	2196	0	1	1	0
2832	1	1	1	0	0	28	2196	0	1	1	0
2833	1	1	1	0	0	28	2196	0	1	1	0
2858	1	2	6	0	0	28	2196	0	1	1	0
2859	1	3	2	0	0	28	2196	0	1	1	0
2860	1	3	2	0	0	28	2196	0	1	1	0
2861	1	3	2	0	0	28	2196	0	1	1	0
2862	1	3	2	0	0	28	2196	0	1	1	0
2863	1	3	2	0	0	28	2196	0	1	1	0
2884	1	4	4	0	0	28	2196	0	1	1	0
2885	1	4	4	0	0	28	2196	0	1	1	0
2886	1	4	4	0	0	28	2196	0	1	1	0
2887	1	4	4	0	0	28	2196	0	1	1	0
2888	1	4	4	0	0	28	2196	0	1	1	0
2929	1	1	1	0	0	28	2196	0	1	1	0
2930	1	1	1	0	0	28	2196	0	1	1	0
2931	1	1	1	0	0	28	2196	0	1	1	0
2932	1	1	1	0	0	28	2196	0	1	1	0
2933	1	1	1	0	0	28	2196	0	1	1	0
2934	1	1	1	0	0	28	2196	0	1	1	0
2940	1	1	1	0	0	28	2196	0	1	1	0
2950	1	1	1	0	0	28	2196	0	1	1	0
2958	1	2	6	0	0	28	2196	0	1	1	0
2959	1	2	6	0	0	28	2196	0	1	1	0
2960	1	2	6	0	0	28	2196	0	1	1	0
2961	1	3	2	0	0	28	2196	0	1	1	0
2962	1	2	6	0	0	28	2196	0	1	1	0
2963	1	3	2	0	0	28	2196	0	1	1	0
2964	1	3	2	0	0	28	2196	0	1	1	0
2965	1	3	2	0	0	28	2196	0	1	1	0
2966	1	3	2	0	0	28	2196	0	1	1	0
2967	1	1	1	0	0	28	2196	0	1	1	0
2970	1	1	1	0	0	28	2196	0	1	1	0
2979	1	1	1	0	0	28	2196	0	1	1	0
2984	1	4	4	0	0	28	2196	0	1	1	0
2985	1	4	4	0	0	28	2196	0	1	1	0
2986	1	4	4	0	0	28	2196	0	1	1	0
2987	1	4	4	0	0	28	2196	0	1	1	0
2988	1	4	4	0	0	28	2196	0	1	1	0
3021	1	5	5	0	0	28	2196	0	1	1	0
3058	1	2	6	0	0	28	2196	0	1	1	0
3059	1	3	2	0	0	28	2196	0	1	1	0
3060	1	3	2	0	0	28	2196	0	1	1	0
3061	1	3	2	0	0	28	2196	0	1	1	0
3062	1	3	2	0	0	28	2196	0	1	1	0
3063	1	3	2	0	0	28	2196	0	1	1	0
3084	1	4	4	0	0	28	2196	0	1	1	0
3085	1	4	4	0	0	28	2196	0	1	1	0
3089	1	1	1	0	0	28	2196	0	1	0	0
3089	2	6	1	0	0	28	2196	0	1	0	0
3090	1	1	1	0	0	28	2196	0	1	1	0
3091	1	1	1	0	0	28	2196	0	1	1	0
3092	1	1	1	0	0	28	2196	0	1	1	0
3093	1	1	1	0	0	28	2196	0	1	1	0
3096	1	1	1	0	0	28	2196	1	0	0	0
3096	2	6	1	0	0	28	2196	1	0	0	0
3103	1	1	1	0	0	28	2196	2	0	1	0
3103	2	6	1	0	0	28	2196	2	0	1	0
3158	1	2	6	0	0	28	2196	0	1	1	0
3159	1	2	6	0	0	28	2196	0	1	1	0
3160	1	3	2	0	0	28	2196	0	1	1	0
3161	1	3	2	0	0	28	2196	0	1	1	0
3162	1	3	2	0	0	28	2196	0	1	1	0
3163	1	3	2	0	0	28	2196	0	1	1	0
3164	1	3	2	0	0	28	2196	0	1	1	0
3184	1	4	4	0	0	28	2196	0	1	1	0
3185	1	4	4	0	0	28	2196	0	1	1	0
3186	1	4	4	0	0	28	2196	0	1	1	0
3187	1	4	4	0	0	28	2196	0	1	1	0
3188	1	4	4	0	0	28	2196	0	1	1	0
3208	1	1	1	0	0	28	2196	0	1	1	0
3209	1	1	1	0	0	28	2196	0	1	1	0
3210	1	1	1	0	0	28	2196	0	1	1	0
3258	1	2	6	0	0	28	2196	0	1	1	0
3259	1	2	6	0	0	28	2196	0	1	1	0
3260	1	3	2	0	0	28	2196	0	1	1	0
3261	1	3	2	0	0	28	2196	0	1	1	0
3262	1	3	2	0	0	28	2196	0	1	1	0
3263	1	3	2	0	0	28	2196	0	1	1	0
3264	1	3	2	0	0	28	2196	0	1	1	0
3285	1	4	4	0	0	28	2196	0	1	1	0
3286	1	4	4	0	0	28	2196	0	1	1	0
3287	1	4	4	0	0	28	2196	0	1	1	0
3288	1	4	4	0	0	28	2196	0	1	1	0
3308	1	1	1	0	0	28	2196	0	1	1	0
3309	1	1	1	0	0	28	2196	0	1	1	0
3310	1	1	1	0	0	28	2196	0	1	1	0
3311	1	1	1	0	0	28	2196	0	1	1	0
3312	1	1	1	0	0	28	2196	0	1	1	0
3321	1	1	1	0	0	28	2196	0	1	1	0
3329	1	1	1	0	0	28	2196	0	1	1	0
3332	1	1	1	0	0	28	2196	0	1	1	0
3350	1	1	1	0	0	28	2196	0	1	1	0
3352	1	1	1	0	0	28	2196	0	1	1	0
3358	1	2	6	0	0	28	2196	0	1	1	0
3359	1	2	6	0	0	28	2196	0	1	1	0
3360	1	3	2	0	0	28	2196	0	1	1	0
3361	1	3	2	0	0	28	2196	0	1	1	0
3362	1	3	2	0	0	28	2196	0	1	1	0
3363	1	3	2	0	0	28	2196	0	1	1	0
3364	1	3	2	0	0	28	2196	0	1	1	0
3368	1	1	1	0	0	28	2196	0	1	1	0
3378	1	1	1	0	0	28	2196	0	1	1	0
3384	1	4	4	0	0	28	2196	0	1	1	0
3385	1	4	4	0	0	28	2196	0	1	1	0
3386	1	4	4	0	0	28	2196	0	1	1	0
3387	1	4	4	0	0	28	2196	0	1	1	0
3388	1	4	4	0	0	28	2196	0	1	1	0
3458	1	2	6	0	0	28	2196	0	1	1	0
3459	1	2	6	0	0	28	2196	0	1	1	0
3460	1	3	2	0	0	28	2196	0	1	1	0
3461	1	2	6	0	0	28	2196	0	1	1	0
3462	1	3	2	0	0	28	2196	0	1	1	0
3463	1	2	6	0	0	28	2196	0	1	1	0
3464	1	3	2	0	0	28	2196	0	1	1	0
3465	1	3	2	0	0	28	2196	0	1	1	0
3466	1	3	2	0	0	28	2196	0	1	1	0
3484	1	4	4	0	0	28	2196	0	1	1	0
3485	1	4	4	0	0	28	2196	0	1	1	0
3486	1	4	4	0	0	28	2196	0	1	1	0
3487	1	4	4	0	0	28	2196	0	1	1	0
3488	1	4	4	0	0	28	2196	0	1	1	0
3493	1	1	1	0	0	28	2196	0	1	1	0
3494	1	1	1	0	0	28	2196	0	1	1	0
3495	1	1	1	0	0	28	2196	0	1	1	0
3496	1	1	1	0	0	28	2196	0	1	1	0
3497	1	1	1	0	0	28	2196	0	1	1	0
3558	1	2	6	0	0	28	2196	0	1	1	0
3559	1	2	6	0	0	28	2196	0	1	1	0
3560	1	3	2	0	0	28	2196	0	1	1	0
3561	1	3	2	0	0	28	2196	0	1	1	0
3562	1	3	2	0	0	28	2196	0	1	1	0
3563	1	3	2	0	0	28	2196	0	1	1	0
3564	1	3	2	0	0	28	2196	0	1	1	0
3584	1	4	4	0	0	28	2196	0	1	1	0
3585	1	4	4	0	0	28	2196	0	1	1	0
3586	1	4	4	0	0	28	2196	0	1	1	0
3587	1	4	4	0	0	28	2196	0	1	1	0
3588	1	4	4	0	0	28	2196	0	1	1	0
3593	1	1	1	0	0	28	2196	0	1	1	0
3594	1	1	1	0	0	28	2196	0	1	1	0
3595	1	1	1	0	0	28	2196	0	1	1	0
3596	1	1	1	0	0	28	2196	0	1	1	0
3597	1	1	1	0	0	28	2196	0	1	1	0
3603	1	1	1	0	0	28	2196	0	1	1	0
3613	1	1	1	0	0	28	2196	0	1	1	0
3622	1	1	1	0	0	28	2196	0	1	1	0
3635	1	1	1	0	0	28	2196	0	1	1	0
3641	1	1	1	0	0	28	2196	0	1	1	0
3658	1	2	6	0	0	28	2196	0	1	1	0
3659	1	2	6	0	0	28	2196	0	1	1	0
3660	1	3	2	0	0	28	2196	0	1	1	0
3661	1	3	2	0	0	28	2196	0	1	1	0
3662	1	3	2	0	0	28	2196	0	1	1	0
3663	1	3	2	0	0	28	2196	0	1	1	0
3664	1	3	2	0	0	28	2196	0	1	1	0
3684	1	4	4	0	0	28	2196	0	1	1	0
3685	1	4	4	0	0	28	2196	0	1	1	0
3686	1	4	4	0	0	28	2196	0	1	1	0
3687	1	4	4	0	0	28	2196	0	1	1	0
3688	1	4	4	0	0	28	2196	0	1	1	0
3752	1	1	1	0	0	28	2196	0	1	1	0
3753	1	1	1	0	0	28	2196	0	1	1	0
3754	1	1	1	0	0	28	2196	0	1	1	0
3758	1	2	6	0	0	28	2196	0	1	1	0
3759	1	2	6	0	0	28	2196	0	1	1	0
3760	1	3	2	0	0	28	2196	0	1	1	0
3761	1	3	2	0	0	28	2196	0	1	1	0
3762	1	3	2	0	0	28	2196	0	1	1	0
3763	1	3	2	0	0	28	2196	0	1	1	0
3764	1	3	2	0	0	28	2196	0	1	1	0
3784	1	4	4	0	0	28	2196	0	1	1	0
3785	1	4	4	0	0	28	2196	0	1	1	0
3786	1	4	4	0	0	28	2196	0	1	1	0
3788	1	4	4	0	0	28	2196	0	1	1	0
3852	1	1	1	0	0	28	2196	0	1	1	0
3853	1	1	1	0	0	28	2196	0	1	1	0
3854	1	1	1	0	0	28	2196	0	1	1	0
3855	1	1	1	0	0	28	2196	0	1	1	0
3856	1	1	1	0	0	28	2196	0	1	1	0
3857	1	1	1	0	0	28	2196	0	1	1	0
3858	1	2	6	0	0	28	2196	0	1	1	0
3859	1	2	6	0	0	28	2196	0	1	1	0
3860	1	3	2	0	0	28	2196	0	1	1	0
3861	1	2	6	0	0	28	2196	0	1	1	0
3862	1	3	2	0	0	28	2196	0	1	1	0
3863	1	3	2	0	0	28	2196	0	1	1	0
3864	1	3	2	0	0	28	2196	0	1	1	0
3865	1	3	2	0	0	28	2196	0	1	1	0
3866	1	1	1	0	0	28	2196	0	1	1	0
3873	1	1	1	0	0	28	2196	0	1	1	0
3882	1	1	1	0	0	28	2196	0	1	1	0
3884	1	4	4	0	0	28	2196	0	1	1	0
3885	1	4	4	0	0	28	2196	0	1	1	0
3886	1	4	4	0	0	28	2196	0	1	1	0
3887	1	4	4	0	0	28	2196	0	1	1	0
3888	1	4	4	0	0	28	2196	0	1	1	0
3892	1	1	1	0	0	28	2196	0	1	1	0
3913	1	1	1	0	0	28	2196	0	1	1	0
3919	1	1	1	0	0	28	2196	0	1	1	0
3921	1	1	1	0	0	28	2196	0	1	1	0
3934	1	1	1	0	0	28	2196	0	1	1	0
3942	1	1	1	0	0	28	2196	0	1	1	0
3952	1	1	1	0	0	28	2196	0	1	1	0
3958	1	2	6	0	0	28	2196	0	1	1	0
3959	1	2	6	0	0	28	2196	0	1	1	0
3960	1	3	2	0	0	28	2196	0	1	1	0
3961	1	3	2	0	0	28	2196	0	1	1	0
3962	1	3	2	0	0	28	2196	0	1	1	0
3963	1	3	2	0	0	28	2196	0	1	1	0
3964	1	3	2	0	0	28	2196	0	1	1	0
3965	1	1	1	0	0	28	2196	0	1	1	0
3975	1	1	1	0	0	28	2196	0	1	1	0
3981	1	1	1	0	0	28	2196	0	1	1	0
3984	1	4	4	0	0	28	2196	0	1	1	0
3985	1	4	4	0	0	28	2196	0	1	1	0
3986	1	4	4	0	0	28	2196	0	1	1	0
3987	1	4	4	0	0	28	2196	0	1	1	0
3988	1	4	4	0	0	28	2196	0	1	1	0
3992	1	1	1	0	0	28	2196	0	1	1	0
4001	1	1	1	0	0	28	2196	0	1	1	0
4014	1	1	1	0	0	28	2196	0	1	0	0
4014	2	6	1	0	0	28	2196	0	1	0	0
4021	1	1	1	0	0	28	2196	1	0	0	0
4021	2	6	1	0	0	28	2196	1	0	1	0
4022	1	5	5	0	0	28	2196	0	1	1	0
4023	1	1	1	0	0	14	775	0	1	1	0
4024	1	1	1	0	0	28	2196	0	1	1	0
4028	1	1	1	0	0	28	2196	2	0	1	0
4031	1	1	1	0	0	28	2196	0	1	1	0
4042	1	1	1	0	0	28	2196	0	1	1	0
4051	1	1	1	0	0	28	2196	0	1	1	0
4061	1	1	1	0	0	28	2196	0	1	1	0
4071	1	1	1	0	0	28	2196	0	1	1	0
4081	1	1	1	0	0	28	2196	0	1	1	0
4084	1	4	4	0	0	28	2196	0	1	1	0
4085	1	4	4	0	0	28	2196	0	1	1	0
4086	1	4	4	0	0	28	2196	0	1	1	0
4087	1	4	4	0	0	28	2196	0	1	1	0
4088	1	4	4	0	0	28	2196	0	1	1	0
4091	1	1	1	0	0	28	2196	0	1	1	0
4101	1	1	1	0	0	28	2196	0	1	1	0
4111	1	1	1	0	0	28	2196	0	1	1	0
4131	1	1	1	0	0	28	2196	0	1	1	0
4132	1	1	1	0	0	28	2196	0	1	1	0
4141	1	1	1	0	0	28	2196	0	1	1	0
4151	1	1	1	0	0	28	2196	0	1	1	0
4161	1	1	1	0	0	28	2196	0	1	1	0
4171	1	1	1	0	0	28	2196	0	1	1	0
4181	1	1	1	0	0	28	2196	0	1	1	0
4184	1	4	4	0	0	28	2196	0	1	1	0
4185	1	4	4	0	0	28	2196	0	1	1	0
4186	1	4	4	0	0	28	2196	0	1	1	0
4187	1	4	4	0	0	28	2196	0	1	1	0
4188	1	4	4	0	0	28	2196	0	1	1	0
4189	1	4	4	0	0	28	2196	0	1	1	0
4190	1	4	4	0	0	28	2196	0	1	1	0
4191	1	1	1	0	0	28	2196	0	1	1	0
4199	1	4	4	0	0	28	2196	0	1	1	0
4201	1	1	1	0	0	28	2196	0	1	1	0
4208	1	4	4	0	0	28	2196	0	1	1	0
4209	1	4	4	0	0	28	2196	0	1	1	0
4211	1	1	1	0	0	28	2196	0	1	1	0
4218	1	4	4	0	0	28	2196	0	1	1	0
4219	1	4	4	0	0	28	2196	0	1	1	0
4221	1	4	4	0	0	28	2196	0	1	1	0
4222	1	4	4	0	0	28	2196	0	1	1	0
4238	1	4	4	0	0	28	2196	0	1	1	0
4239	1	4	4	0	0	28	2196	0	1	1	0
4248	1	4	4	0	0	28	2196	0	1	1	0
4249	1	4	4	0	0	28	2196	0	1	1	0
4258	1	4	4	0	0	28	2196	0	1	1	0
4259	1	4	4	0	0	28	2196	0	1	1	0
4268	1	4	4	0	0	28	2196	0	1	1	0
4278	1	4	4	0	0	28	2196	0	1	1	0
4279	1	4	4	0	0	28	2196	0	1	1	0
4288	1	4	4	0	0	28	2196	0	1	1	0
4292	1	3	2	0	0	28	2196	0	1	1	0
4298	1	4	4	0	0	28	2196	0	1	1	0
4306	1	3	2	0	0	28	2196	0	1	1	0
4308	1	4	4	0	0	28	2196	0	1	1	0
4309	1	4	4	0	0	28	2196	0	1	1	0
4318	1	4	4	0	0	28	2196	0	1	1	0
4320	1	3	2	0	0	28	2196	0	1	1	0
4328	1	4	4	0	0	28	2196	0	1	1	0
4331	1	1	1	0	0	28	2196	0	1	1	0
4332	1	1	1	0	0	28	2196	0	1	1	0
4333	1	1	1	0	0	28	2196	0	1	1	0
4334	1	3	2	0	0	28	2196	0	1	1	0
4335	1	1	1	0	0	28	2196	0	1	1	0
4336	1	1	1	0	0	28	2196	0	1	1	0
4338	1	1	1	0	0	28	2196	0	1	1	0
4339	1	4	4	0	0	28	2196	0	1	1	0
4348	1	3	2	0	0	28	2196	0	1	1	0
4349	1	1	1	0	0	28	2196	0	1	1	0
4358	1	1	1	0	0	28	2196	0	1	1	0
4359	1	4	4	0	0	28	2196	0	1	1	0
4362	1	3	2	0	0	28	2196	0	1	1	0
4368	1	1	1	0	0	28	2196	0	1	1	0
4369	1	4	4	0	0	28	2196	0	1	1	0
4371	1	1	1	0	0	28	2196	0	1	1	0
4376	1	3	2	0	0	28	2196	0	1	1	0
4378	1	4	4	0	0	28	2196	0	1	1	0
4388	1	1	1	0	0	28	2196	0	1	1	0
4389	1	4	4	0	0	28	2196	0	1	1	0
4390	1	3	2	0	0	28	2196	0	1	1	0
4398	1	1	1	0	0	28	2196	0	1	1	0
4399	1	4	4	0	0	28	2196	0	1	1	0
4404	1	3	2	0	0	28	2196	0	1	1	0
4408	1	1	1	0	0	28	2196	0	1	1	0
4409	1	4	4	0	0	28	2196	0	1	1	0
4418	1	1	1	0	0	28	2196	0	1	1	0
4419	1	4	4	0	0	28	2196	0	1	1	0
4428	1	1	1	0	0	28	2196	0	1	1	0
4429	1	4	4	0	0	28	2196	0	1	1	0
4438	1	1	1	0	0	28	2196	0	1	1	0
4439	1	4	4	0	0	28	2196	0	1	1	0
4441	1	2	6	0	0	28	2196	0	1	1	0
4442	1	1	1	0	0	28	2196	0	1	1	0
4448	1	4	4	0	0	28	2196	0	1	1	0
4451	1	1	1	0	0	28	2196	0	1	1	0
4455	1	3	2	0	0	28	2196	0	1	1	0
4458	1	4	4	0	0	28	2196	0	1	1	0
4468	1	1	1	0	0	28	2196	0	1	1	0
4469	1	3	2	0	0	28	2196	0	1	1	0
4470	1	4	4	0	0	28	2196	0	1	1	0
4478	1	1	1	0	0	28	2196	0	1	1	0
4479	1	4	4	0	0	28	2196	0	1	1	0
4481	1	1	1	0	0	28	2196	0	1	1	0
4483	1	3	2	0	0	28	2196	0	1	1	0
4496	1	3	2	0	0	28	2196	0	1	1	0
4498	1	1	1	0	0	28	2196	0	1	1	0
4499	1	4	4	0	0	28	2196	0	1	1	0
4501	1	1	1	0	0	28	2196	0	1	1	0
4508	1	4	4	0	0	28	2196	0	1	1	0
4510	1	3	2	0	0	28	2196	0	1	1	0
4518	1	1	1	0	0	28	2196	0	1	1	0
4519	1	4	4	0	0	28	2196	0	1	1	0
4524	1	3	2	0	0	28	2196	0	1	1	0
4528	1	1	1	0	0	28	2196	0	1	1	0
4529	1	4	4	0	0	28	2196	0	1	1	0
4531	1	1	1	0	0	28	2196	0	1	1	0
4538	1	3	2	0	0	28	2196	0	1	1	0
4539	1	4	4	0	0	28	2196	0	1	1	0
4548	1	4	4	0	0	28	2196	0	1	1	0
4552	1	3	2	0	0	28	2196	0	1	1	0
4558	1	4	4	0	0	28	2196	0	1	1	0
4559	1	4	4	0	0	28	2196	0	1	1	0
4560	1	4	4	0	0	28	2196	0	1	1	0
4563	1	4	4	0	0	28	2196	0	1	1	0
4566	1	3	2	0	0	28	2196	0	1	1	0
4579	1	4	4	0	0	28	2196	0	1	1	0
4580	1	3	2	0	0	28	2196	0	1	1	0
4588	1	4	4	0	0	28	2196	0	1	1	0
4594	1	3	2	0	0	28	2196	0	1	1	0
4608	1	3	2	0	0	28	2196	0	1	1	0
4609	1	4	4	0	0	28	2196	0	1	1	0
4611	1	4	4	0	0	28	2196	0	1	1	0
4613	1	4	4	0	0	28	2196	0	1	1	0
4621	1	4	4	0	0	28	2196	0	1	1	0
4622	1	3	2	0	0	28	2196	0	1	1	0
4623	1	4	4	0	0	28	2196	0	1	1	0
4636	1	3	2	0	0	28	2196	0	1	1	0
4638	1	4	4	0	0	28	2196	0	1	1	0
4648	1	4	4	0	0	28	2196	0	1	1	0
4650	1	3	2	0	0	28	2196	0	1	1	0
4658	1	1	1	0	0	28	2196	0	1	1	0
4659	1	1	1	0	0	28	2196	0	1	1	0
4660	1	1	1	0	0	28	2196	0	1	1	0
4661	1	1	1	0	0	28	2196	0	1	1	0
4662	1	4	4	0	0	28	2196	0	1	1	0
4664	1	3	2	0	0	28	2196	0	1	1	0
4668	1	4	4	0	0	28	2196	0	1	1	0
4678	1	3	2	0	0	28	2196	0	1	1	0
4679	1	4	4	0	0	28	2196	0	1	1	0
4688	1	4	4	0	0	28	2196	0	1	1	0
4692	1	3	2	0	0	28	2196	0	1	1	0
4698	1	4	4	0	0	28	2196	0	1	1	0
4706	1	3	2	0	0	28	2196	0	1	1	0
4708	1	4	4	0	0	28	2196	0	1	1	0
4718	1	4	4	0	0	28	2196	0	1	1	0
4720	1	3	2	0	0	28	2196	0	1	1	0
4734	1	3	2	0	0	28	2196	0	1	1	0
4738	1	4	4	0	0	28	2196	0	1	1	0
4748	1	3	2	0	0	28	2196	0	1	1	0
4749	1	4	4	0	0	28	2196	0	1	1	0
4758	1	1	1	0	0	28	2196	0	1	1	0
4759	1	1	1	0	0	28	2196	0	1	1	0
4760	1	1	1	0	0	28	2196	0	1	1	0
4761	1	1	1	0	0	28	2196	0	1	1	0
4762	1	1	1	0	0	28	2196	0	1	1	0
4763	1	3	2	0	0	28	2196	0	1	1	0
4764	1	1	1	0	0	28	2196	0	1	1	0
4765	1	4	4	0	0	28	2196	0	1	1	0
4768	1	4	4	0	0	28	2196	0	1	1	0
4771	1	1	1	0	0	28	2196	0	1	1	0
4775	1	3	2	0	0	28	2196	0	1	1	0
4778	1	4	4	0	0	28	2196	0	1	1	0
4781	1	1	1	0	0	28	2196	0	1	1	0
4788	1	4	4	0	0	28	2196	0	1	1	0
4789	1	3	2	0	0	28	2196	0	1	1	0
4791	1	1	1	0	0	28	2196	0	1	1	0
4798	1	4	4	0	0	28	2196	0	1	1	0
4801	1	1	1	0	0	28	2196	0	1	1	0
4803	1	3	2	0	0	28	2196	0	1	1	0
4808	1	4	4	0	0	28	2196	0	1	1	0
4811	1	4	4	0	0	28	2196	0	1	1	0
4817	1	3	2	0	0	28	2196	0	1	1	0
4828	1	4	4	0	0	28	2196	0	1	1	0
4831	1	3	2	0	0	28	2196	0	1	1	0
4845	1	3	2	0	0	28	2196	0	1	1	0
4848	1	4	4	0	0	28	2196	0	1	1	0
4858	1	4	4	0	0	28	2196	0	1	1	0
4859	1	3	2	0	0	28	2196	0	1	1	0
4868	1	4	4	0	0	28	2196	0	1	1	0
4873	1	3	2	0	0	28	2196	0	1	1	0
4878	1	4	4	0	0	28	2196	0	1	1	0
4887	1	3	2	0	0	28	2196	0	1	1	0
4888	1	4	4	0	0	28	2196	0	1	1	0
4901	1	3	2	0	0	28	2196	0	1	1	0
4908	1	4	4	0	0	28	2196	0	1	1	0
4915	1	3	2	0	0	28	2196	0	1	1	0
4918	1	4	4	0	0	28	2196	0	1	1	0
4921	1	1	1	0	0	28	2196	0	1	1	0
4922	1	1	1	0	0	28	2196	0	1	1	0
4923	1	1	1	0	0	28	2196	0	1	1	0
4924	1	1	1	0	0	28	2196	0	1	1	0
4925	1	1	1	0	0	28	2196	0	1	1	0
4928	1	4	4	0	0	28	2196	0	1	1	0
4929	1	3	2	0	0	28	2196	0	1	1	0
4931	1	1	1	0	0	28	2196	0	1	1	0
4938	1	4	4	0	0	28	2196	0	1	1	0
4941	1	1	1	0	0	28	2196	0	1	1	0
4943	1	3	2	0	0	28	2196	0	1	1	0
4948	1	4	4	0	0	28	2196	0	1	1	0
4951	1	1	1	0	0	28	2196	0	1	1	0
4957	1	3	2	0	0	28	2196	0	1	1	0
4961	1	1	1	0	0	28	2196	0	1	1	0
4968	1	4	4	0	0	28	2196	0	1	1	0
4971	1	3	2	0	0	28	2196	0	1	1	0
4972	1	1	1	0	0	28	2196	0	1	1	0
4978	1	4	4	0	0	28	2196	0	1	1	0
4981	1	1	1	0	0	28	2196	0	1	1	0
4989	1	4	4	0	0	28	2196	0	1	1	0
4990	1	4	4	0	0	28	2196	0	1	1	0
4993	1	4	4	0	0	28	2196	0	1	1	0
4995	1	4	4	0	0	28	2196	0	1	1	0
4998	1	4	4	0	0	28	2196	0	1	1	0
4999	1	3	2	0	0	28	2196	0	1	1	0
5000	1	4	4	0	0	28	2196	0	1	1	0
5003	1	4	4	0	0	28	2196	0	1	1	0
5011	1	1	1	0	0	28	2196	0	1	1	0
5013	1	3	2	0	0	28	2196	0	1	1	0
5015	2	5	2	0	0	28	2196	0	1	1	0
5018	1	4	4	0	0	28	2196	0	1	1	0
5026	1	3	2	0	0	28	2196	0	1	1	0
5029	1	4	4	0	0	28	2196	0	1	1	0
5031	1	4	4	0	0	28	2196	0	1	1	0
5040	1	3	2	0	0	28	2196	0	1	1	0
5049	1	4	4	0	0	28	2196	0	1	1	0
5051	1	4	4	0	0	28	2196	0	1	1	0
5054	1	3	2	0	0	28	2196	0	1	1	0
5068	1	3	2	0	0	28	2196	0	1	1	0
5070	1	4	4	0	0	28	2196	0	1	1	0
5071	1	4	4	0	0	28	2196	0	1	1	0
5082	1	3	2	0	0	28	2196	0	1	1	0
5088	1	4	4	0	0	28	2196	0	1	1	0
5089	1	4	4	0	0	28	2196	0	1	1	0
5096	1	3	2	0	0	28	2196	0	1	1	0
5098	1	4	4	0	0	28	2196	0	1	1	0
5108	1	4	4	0	0	28	2196	0	1	1	0
5110	1	3	2	0	0	28	2196	0	1	1	0
5118	1	4	4	0	0	28	2196	0	1	1	0
5121	1	1	1	0	0	28	2196	0	1	0	0
5121	2	6	1	0	0	28	2196	0	1	0	0
5124	1	3	2	0	0	28	2196	0	1	1	0
5128	1	1	1	0	0	28	2196	1	0	0	0
5128	2	6	1	0	0	28	2196	1	0	1	0
5129	1	4	4	0	0	28	2196	0	1	1	0
5135	1	1	1	0	0	28	2196	2	0	1	0
5138	1	3	2	0	0	28	2196	0	1	1	0
5139	1	4	4	0	0	28	2196	0	1	1	0
5148	1	4	4	0	0	28	2196	0	1	1	0
5149	1	4	4	0	0	28	2196	0	1	1	0
5152	1	3	2	0	0	28	2196	0	1	1	0
5153	1	4	4	0	0	28	2196	0	1	1	0
5166	1	3	2	0	0	28	2196	0	1	1	0
5169	1	4	4	0	0	28	2196	0	1	1	0
5180	1	3	2	0	0	28	2196	0	1	1	0
5188	1	4	4	0	0	28	2196	0	1	1	0
5194	1	3	2	0	0	28	2196	0	1	1	0
5208	1	3	2	0	0	28	2196	0	1	1	0
5209	1	4	4	0	0	28	2196	0	1	1	0
5211	1	4	4	0	0	28	2196	0	1	1	0
5213	1	4	4	0	0	28	2196	0	1	1	0
5221	1	1	1	0	0	28	2196	0	1	1	0
5222	1	1	1	0	0	28	2196	0	1	1	0
5223	1	1	1	0	0	28	2196	0	1	1	0
5224	1	1	1	0	0	28	2196	0	1	1	0
5225	1	1	1	0	0	28	2196	0	1	1	0
5226	1	3	2	0	0	28	2196	0	1	1	0
5228	1	4	4	0	0	28	2196	0	1	1	0
5236	1	3	2	0	0	28	2196	0	1	1	0
5238	1	4	4	0	0	28	2196	0	1	1	0
5248	1	4	4	0	0	28	2196	0	1	1	0
5250	1	3	2	0	0	28	2196	0	1	1	0
5251	1	4	4	0	0	28	2196	0	1	1	0
5264	1	3	2	0	0	28	2196	0	1	1	0
5268	1	4	4	0	0	28	2196	0	1	1	0
5269	1	4	4	0	0	28	2196	0	1	1	0
5272	1	4	4	0	0	28	2196	0	1	1	0
5278	1	3	2	0	0	28	2196	0	1	1	0
5289	1	4	4	0	0	28	2196	0	1	1	0
5291	1	3	2	0	0	28	2196	0	1	1	0
5298	1	4	4	0	0	28	2196	0	1	1	0
5300	1	4	4	0	0	28	2196	0	1	1	0
5303	1	4	4	0	0	28	2196	0	1	1	0
5305	1	3	2	0	0	28	2196	0	1	1	0
5320	1	4	4	0	0	28	2196	0	1	1	0
5321	1	1	1	0	0	28	2196	0	1	1	0
5322	1	1	1	0	0	28	2196	0	1	1	0
5323	1	1	1	0	0	28	2196	0	1	1	0
5328	1	4	4	0	0	28	2196	0	1	1	0
5333	1	3	2	0	0	28	2196	0	1	1	0
5338	1	4	4	0	0	28	2196	0	1	1	0
5347	1	3	2	0	0	28	2196	0	1	1	0
5348	1	4	4	0	0	28	2196	0	1	1	0
5353	1	4	4	0	0	28	2196	0	1	1	0
5361	1	3	2	0	0	28	2196	0	1	1	0
5369	1	4	4	0	0	28	2196	0	1	1	0
5375	1	3	2	0	0	28	2196	0	1	1	0
5378	1	4	4	0	0	28	2196	0	1	1	0
5389	1	3	2	0	0	28	2196	0	1	1	0
5398	1	4	4	0	0	28	2196	0	1	1	0
5399	1	4	4	0	0	28	2196	0	1	1	0
5403	1	3	2	0	0	28	2196	0	1	1	0
5404	1	4	4	0	0	28	2196	0	1	1	0
5417	1	3	2	0	0	28	2196	0	1	1	0
5421	1	1	1	0	0	28	2196	0	1	1	0
5422	1	1	1	0	0	28	2196	0	1	1	0
5423	1	1	1	0	0	28	2196	0	1	1	0
5424	1	1	1	0	0	28	2196	0	1	1	0
5425	1	1	1	0	0	28	2196	0	1	1	0
5428	1	4	4	0	0	28	2196	0	1	1	0
5431	1	1	1	0	0	28	2196	0	1	1	0
5432	1	3	2	0	0	28	2196	0	1	1	0
5438	1	4	4	0	0	28	2196	0	1	1	0
5441	1	1	1	0	0	28	2196	0	1	1	0
5445	1	3	2	0	0	28	2196	0	1	1	0
5451	1	1	1	0	0	28	2196	0	1	1	0
5458	1	4	4	0	0	28	2196	0	1	1	0
5459	1	3	2	0	0	28	2196	0	1	1	0
5461	1	1	1	0	0	28	2196	0	1	1	0
5468	1	4	4	0	0	28	2196	0	1	1	0
5471	1	1	1	0	0	28	2196	0	1	1	0
5473	1	3	2	0	0	28	2196	0	1	1	0
5478	1	4	4	0	0	28	2196	0	1	1	0
5480	1	4	4	0	0	28	2196	0	1	1	0
5483	1	4	4	0	0	28	2196	0	1	1	0
5487	1	3	2	0	0	28	2196	0	1	1	0
5491	1	1	1	0	0	28	2196	0	1	1	0
5498	1	4	4	0	0	28	2196	0	1	1	0
5501	1	3	2	0	0	28	2196	0	1	1	0
5502	1	4	4	0	0	28	2196	0	1	1	0
5515	1	3	2	0	0	28	2196	0	1	1	0
5519	1	4	4	0	0	28	2196	0	1	1	0
5528	1	4	4	0	0	28	2196	0	1	1	0
5529	1	3	2	0	0	28	2196	0	1	1	0
5543	1	3	2	0	0	28	2196	0	1	1	0
5548	1	4	4	0	0	28	2196	0	1	1	0
5556	1	3	2	0	0	28	2196	0	1	1	0
5558	1	4	4	0	0	28	2196	0	1	1	0
5568	1	4	4	0	0	28	2196	0	1	1	0
5570	1	3	2	0	0	28	2196	0	1	1	0
5579	1	4	4	0	0	28	2196	0	1	1	0
5584	1	3	2	0	0	28	2196	0	1	1	0
5588	1	4	4	0	0	28	2196	0	1	1	0
5598	1	3	2	0	0	28	2196	0	1	1	0
5599	1	4	4	0	0	28	2196	0	1	1	0
5600	1	4	4	0	0	28	2196	0	1	1	0
5611	1	1	1	0	0	28	2196	0	1	1	0
5612	1	1	1	0	0	28	2196	0	1	1	0
5613	1	1	1	0	0	28	2196	0	1	1	0
5614	1	1	1	0	0	28	2196	0	1	1	0
5615	1	1	1	0	0	28	2196	0	1	1	0
5616	1	3	2	0	0	28	2196	0	1	1	0
5617	1	1	1	0	0	28	2196	0	1	1	0
5618	1	4	4	0	0	28	2196	0	1	1	0
5619	1	4	4	0	0	28	2196	0	1	1	0
5621	1	4	4	0	0	28	2196	0	1	1	0
5623	1	4	4	0	0	28	2196	0	1	1	0
5626	1	3	2	0	0	28	2196	0	1	1	0
5630	1	4	4	0	0	28	2196	0	1	1	0
5634	1	4	4	0	0	28	2196	0	1	1	0
5640	1	3	2	0	0	28	2196	0	1	1	0
5649	1	4	4	0	0	28	2196	0	1	1	0
5654	1	3	2	0	0	28	2196	0	1	1	0
5658	1	4	4	0	0	28	2196	0	1	1	0
5659	1	4	4	0	0	28	2196	0	1	1	0
5663	1	4	4	0	0	28	2196	0	1	1	0
5668	1	3	2	0	0	28	2196	0	1	1	0
5679	1	4	4	0	0	28	2196	0	1	1	0
5682	1	3	2	0	0	28	2196	0	1	1	0
5688	1	4	4	0	0	28	2196	0	1	1	0
5696	1	3	2	0	0	28	2196	0	1	1	0
5698	1	4	4	0	0	28	2196	0	1	1	0
5701	1	4	4	0	0	28	2196	0	1	1	0
5710	1	3	2	0	0	28	2196	0	1	1	0
5718	1	4	4	0	0	28	2196	0	1	1	0
5724	1	3	2	0	0	28	2196	0	1	1	0
5738	1	3	2	0	0	28	2196	0	1	1	0
5739	1	4	4	0	0	28	2196	0	1	1	0
5741	1	4	4	0	0	28	2196	0	1	1	0
5742	1	1	1	0	0	28	2196	0	1	1	0
5743	1	1	1	0	0	28	2196	0	1	1	0
5744	1	1	1	0	0	28	2196	0	1	1	0
5745	1	1	1	0	0	28	2196	0	1	1	0
5746	1	1	1	0	0	28	2196	0	1	1	0
5758	1	4	4	0	0	28	2196	0	1	1	0
5766	1	3	2	0	0	28	2196	0	1	1	0
5768	1	4	4	0	0	28	2196	0	1	1	0
5771	1	4	4	0	0	28	2196	0	1	1	0
5781	1	4	4	0	0	28	2196	0	1	1	0
5782	1	4	4	0	0	28	2196	0	1	1	0
5798	1	4	4	0	0	28	2196	0	1	1	0
5801	1	4	4	0	0	28	2196	0	1	1	0
5803	1	4	4	0	0	28	2196	0	1	1	0
5811	1	4	4	0	0	28	2196	0	1	1	0
5828	1	4	4	0	0	28	2196	0	1	1	0
5838	1	4	4	0	0	28	2196	0	1	1	0
5842	1	1	1	0	0	28	2196	0	1	1	0
5843	1	1	1	0	0	28	2196	0	1	1	0
5851	1	4	4	0	0	28	2196	0	1	1	0
5878	1	4	4	0	0	28	2196	0	1	1	0
5888	1	4	4	0	0	28	2196	0	1	1	0
5898	1	4	4	0	0	28	2196	0	1	1	0
5902	1	4	4	0	0	28	2196	0	1	1	0
5919	1	4	4	0	0	28	2196	0	1	1	0
5938	1	4	4	0	0	28	2196	0	1	1	0
5941	1	4	4	0	0	28	2196	0	1	1	0
5942	1	1	1	0	0	28	2196	0	1	1	0
5943	1	1	1	0	0	28	2196	0	1	1	0
5944	1	1	1	0	0	28	2196	0	1	1	0
5945	1	1	1	0	0	28	2196	0	1	1	0
5946	1	4	4	0	0	28	2196	0	1	1	0
5951	1	4	4	0	0	28	2196	0	1	1	0
5968	1	4	4	0	0	28	2196	0	1	1	0
5971	1	4	4	0	0	28	2196	0	1	1	0
5972	1	4	4	0	0	28	2196	0	1	1	0
5976	1	4	4	0	0	28	2196	0	1	1	0
5999	1	4	4	0	0	28	2196	0	1	1	0
6008	1	4	4	0	0	28	2196	0	1	1	0
6015	2	5	2	0	0	28	2196	0	1	1	0
6038	1	4	4	0	0	28	2196	0	1	1	0
6041	1	4	4	0	0	28	2196	0	1	1	0
6042	1	1	1	0	0	28	2196	0	1	1	0
6043	1	1	1	0	0	28	2196	0	1	1	0
6044	1	1	1	0	0	28	2196	0	1	1	0
6045	1	1	1	0	0	28	2196	0	1	1	0
6058	1	4	4	0	0	28	2196	0	1	1	0
6078	1	4	4	0	0	28	2196	0	1	1	0
6080	1	4	4	0	0	28	2196	0	1	1	0
6083	1	4	4	0	0	28	2196	0	1	1	0
6108	1	4	4	0	0	28	2196	0	1	1	0
6109	1	4	4	0	0	28	2196	0	1	1	0
6112	1	4	4	0	0	28	2196	0	1	1	0
6129	1	4	4	0	0	28	2196	0	1	1	0
6138	1	4	4	0	0	28	2196	0	1	1	0
6142	1	1	1	0	0	28	2196	0	1	0	0
6142	2	6	1	0	0	28	2196	0	1	0	0
6143	1	1	1	0	0	28	2196	0	1	1	0
6144	1	1	1	0	0	28	2196	0	1	1	0
6145	1	1	1	0	0	28	2196	0	1	1	0
6146	1	1	1	0	0	28	2196	0	1	1	0
6148	1	4	4	0	0	28	2196	0	1	1	0
6149	1	1	1	0	0	28	2196	1	0	0	0
6149	2	6	1	0	0	28	2196	1	0	1	0
6156	1	1	1	0	0	28	2196	2	0	1	0
6158	1	4	4	0	0	28	2196	0	1	1	0
6168	1	4	4	0	0	28	2196	0	1	1	0
6169	1	4	4	0	0	28	2196	0	1	1	0
6173	1	4	4	0	0	28	2196	0	1	1	0
6189	1	4	4	0	0	28	2196	0	1	1	0
6191	1	4	4	0	0	28	2196	0	1	1	0
6199	1	4	4	0	0	28	2196	0	1	1	0
6221	1	4	4	0	0	28	2196	0	1	1	0
6238	1	4	4	0	0	28	2196	0	1	1	0
6241	1	4	4	0	0	28	2196	0	1	1	0
6242	1	1	1	0	0	28	2196	0	1	1	0
6243	1	1	1	0	0	28	2196	0	1	1	0
6244	1	1	1	0	0	28	2196	0	1	1	0
6245	1	1	1	0	0	28	2196	0	1	1	0
6246	1	1	1	0	0	28	2196	0	1	1	0
6261	1	4	4	0	0	28	2196	0	1	1	0
6271	1	4	4	0	0	28	2196	0	1	1	0
6281	1	4	4	0	0	28	2196	0	1	1	0
6282	1	4	4	0	0	28	2196	0	1	1	0
6298	1	4	4	0	0	28	2196	0	1	1	0
6301	1	4	4	0	0	28	2196	0	1	1	0
6307	1	4	4	0	0	28	2196	0	1	1	0
6311	1	4	4	0	0	28	2196	0	1	1	0
6331	1	4	4	0	0	28	2196	0	1	1	0
6332	1	4	4	0	0	28	2196	0	1	1	0
6342	1	1	1	0	0	28	2196	0	1	1	0
6343	1	1	1	0	0	28	2196	0	1	1	0
6368	1	4	4	0	0	28	2196	0	1	1	0
6378	1	4	4	0	0	28	2196	0	1	1	0
6384	1	4	4	0	0	28	2196	0	1	1	0
6387	1	4	4	0	0	28	2196	0	1	1	0
6391	1	4	4	0	0	28	2196	0	1	1	0
6409	1	4	4	0	0	28	2196	0	1	1	0
6418	1	4	4	0	0	28	2196	0	1	1	0
6431	1	4	4	0	0	28	2196	0	1	1	0
6435	1	4	4	0	0	28	2196	0	1	1	0
6442	1	1	1	0	0	28	2196	0	1	1	0
6443	1	1	1	0	0	28	2196	0	1	1	0
6444	1	1	1	0	0	28	2196	0	1	1	0
6445	1	1	1	0	0	28	2196	0	1	1	0
6446	1	1	1	0	0	28	2196	0	1	1	0
6447	1	4	4	0	0	28	2196	0	1	1	0
6449	1	4	4	0	0	28	2196	0	1	1	0
6453	1	4	4	0	0	28	2196	0	1	1	0
6469	1	4	4	0	0	28	2196	0	1	1	0
6478	1	4	4	0	0	28	2196	0	1	1	0
6481	1	4	4	0	0	28	2196	0	1	1	0
6498	1	4	4	0	0	28	2196	0	1	1	0
6503	1	4	4	0	0	28	2196	0	1	1	0
6528	1	4	4	0	0	28	2196	0	1	1	0
6542	1	1	1	0	0	28	2196	0	1	1	0
6543	1	1	1	0	0	28	2196	0	1	1	0
6544	1	1	1	0	0	28	2196	0	1	1	0
6548	1	4	4	0	0	28	2196	0	1	1	0
6549	1	4	4	0	0	28	2196	0	1	1	0
6558	1	4	4	0	0	28	2196	0	1	1	0
6568	1	4	4	0	0	28	2196	0	1	1	0
6571	1	4	4	0	0	28	2196	0	1	1	0
6572	1	4	4	0	0	28	2196	0	1	1	0
6581	1	4	4	0	0	28	2196	0	1	1	0
6583	1	4	4	0	0	28	2196	0	1	1	0
6598	1	4	4	0	0	28	2196	0	1	1	0
6613	1	4	4	0	0	28	2196	0	1	1	0
6628	1	4	4	0	0	28	2196	0	1	1	0
6629	1	4	4	0	0	28	2196	0	1	1	0
6642	1	1	1	0	0	28	2196	0	1	1	0
6643	1	1	1	0	0	28	2196	0	1	1	0
6644	1	1	1	0	0	28	2196	0	1	1	0
6645	1	1	1	0	0	28	2196	0	1	1	0
6646	1	1	1	0	0	28	2196	0	1	1	0
6647	1	4	4	0	0	28	2196	0	1	1	0
6698	1	4	4	0	0	28	2196	0	1	1	0
6701	1	4	4	0	0	28	2196	0	1	1	0
6712	1	4	4	0	0	28	2196	0	1	1	0
6721	1	4	4	0	0	28	2196	0	1	1	0
6724	1	4	4	0	0	28	2196	0	1	1	0
6742	1	1	1	0	0	28	2196	0	1	1	0
6743	1	1	1	0	0	28	2196	0	1	1	0
6749	1	4	4	0	0	28	2196	0	1	1	0
6759	1	4	4	0	0	28	2196	0	1	1	0
6768	1	4	4	0	0	28	2196	0	1	1	0
6770	1	4	4	0	0	28	2196	0	1	1	0
6789	1	4	4	0	0	28	2196	0	1	1	0
6790	1	4	4	0	0	28	2196	0	1	1	0
6811	1	4	4	0	0	28	2196	0	1	1	0
6823	1	4	4	0	0	28	2196	0	1	1	0
6831	1	4	4	0	0	28	2196	0	1	1	0
6842	1	1	1	0	0	28	2196	0	1	1	0
6843	1	1	1	0	0	28	2196	0	1	1	0
6844	1	1	1	0	0	28	2196	0	1	1	0
6845	1	1	1	0	0	28	2196	0	1	1	0
6848	1	4	4	0	0	28	2196	0	1	1	0
6862	1	4	4	0	0	28	2196	0	1	1	0
6876	1	4	4	0	0	28	2196	0	1	1	0
6899	1	4	4	0	0	28	2196	0	1	1	0
6927	1	4	4	0	0	28	2196	0	1	1	0
6942	1	1	1	0	0	28	2196	0	1	1	0
6943	1	1	1	0	0	28	2196	0	1	1	0
6944	1	1	1	0	0	28	2196	0	1	1	0
6945	1	1	1	0	0	28	2196	0	1	1	0
6946	1	1	1	0	0	28	2196	0	1	1	0
6962	1	4	4	0	0	28	2196	0	1	1	0
6971	1	4	4	0	0	28	2196	0	1	1	0
6976	1	4	4	0	0	28	2196	0	1	1	0
6982	1	4	4	0	0	28	2196	0	1	1	0
6998	1	4	4	0	0	28	2196	0	1	1	0
7014	2	5	2	0	0	28	2196	0	1	1	0
7223	2	4	3	0	0	0	81	0	1	1	0
7224	2	4	3	0	0	0	81	0	1	1	0
7225	2	4	3	0	0	0	81	0	1	1	0
7226	2	4	3	0	0	0	81	0	1	1	0
7227	2	4	3	0	0	0	81	0	1	1	0
7228	2	4	3	0	0	28	2196	0	1	1	0
7229	2	4	3	0	0	28	2196	0	1	1	0
7234	2	4	3	0	0	28	2196	0	1	1	0
7239	2	4	3	0	0	28	2196	0	1	1	0
7245	2	4	3	0	0	28	2196	0	1	1	0
7253	2	4	3	0	0	28	2196	0	1	1	0
7261	2	4	3	0	0	28	2196	0	1	1	0
7269	2	4	3	0	0	28	2196	0	1	1	0
7278	2	4	3	0	0	28	2196	0	1	1	0
7286	2	4	3	0	0	28	2196	0	1	1	0
7294	2	4	3	0	0	28	2196	0	1	1	0
7302	2	4	3	0	0	28	2196	0	1	1	0
7303	1	1	1	0	0	28	2196	0	1	1	0
7310	2	4	3	0	0	28	2196	0	1	1	0
7318	2	4	3	0	0	28	2196	0	1	1	0
7326	2	4	3	0	0	28	2196	0	1	1	0
7334	2	4	3	0	0	28	2196	0	1	1	0
7343	2	4	3	0	0	28	2196	0	1	1	0
7351	2	4	3	0	0	28	2196	0	1	1	0
7359	2	4	3	0	0	28	2196	0	1	1	0
7363	1	1	1	0	0	28	2196	0	1	1	0
7367	2	4	3	0	0	28	2196	0	1	1	0
7373	1	1	1	0	0	28	2196	0	1	1	0
7375	1	1	1	0	0	28	2196	0	1	0	0
7375	2	4	3	0	0	28	2196	0	1	0	0
7377	1	1	1	0	0	28	2196	0	1	1	0
7379	1	1	1	0	0	28	2196	0	1	1	0
7381	1	1	1	0	0	28	2196	0	1	1	0
7382	1	1	1	0	0	28	2196	1	0	0	0
7382	2	4	3	0	0	28	2196	1	0	0	0
7383	1	1	1	0	0	28	2196	0	1	0	0
7383	2	4	3	0	0	28	2196	0	1	0	0
7385	1	1	1	0	0	28	2196	0	1	1	0
7387	1	1	1	0	0	28	2196	0	1	1	0
7388	1	1	1	0	0	28	2196	0	1	1	0
7389	1	1	1	0	0	28	2196	2	0	0	0
7389	2	4	3	0	0	28	2196	2	0	1	0
7390	1	1	1	0	0	28	2196	1	0	0	0
7390	2	4	3	0	0	28	2196	1	0	0	0
7391	2	4	3	0	0	14	775	0	1	1	0
7396	1	1	1	0	0	28	2196	3	0	1	0
7397	1	1	1	0	0	28	2196	2	0	0	0
7397	2	4	3	0	0	28	2196	2	0	1	0
7398	2	4	3	0	0	14	775	0	1	1	0
7404	1	1	1	0	0	28	2196	3	0	1	0
7404	2	4	3	0	0	28	2196	0	1	0	0
7405	1	1	1	0	0	28	2196	0	1	1	0
7410	2	4	3	0	0	28	2196	0	1	1	0
7411	2	4	3	0	0	28	2196	1	0	1	0
7415	1	1	1	0	0	28	2196	0	1	1	0
7416	2	4	3	0	0	28	2196	0	1	1	0
7422	2	4	3	0	0	28	2196	0	1	1	0
7425	1	1	1	0	0	28	2196	0	1	1	0
7428	2	4	3	0	0	28	2196	0	1	1	0
7433	2	4	3	0	0	28	2196	0	1	1	0
7435	1	1	1	0	0	28	2196	0	1	1	0
7440	2	4	3	0	0	28	2196	0	1	1	0
7445	1	1	1	0	0	28	2196	0	1	1	0
7446	2	4	3	0	0	28	2196	0	1	1	0
7451	2	4	3	0	0	28	2196	0	1	1	0
7455	1	1	1	0	0	28	2196	0	1	1	0
7457	2	4	3	0	0	28	2196	0	1	1	0
7463	2	4	3	0	0	28	2196	0	1	1	0
7465	1	1	1	0	0	28	2196	0	1	1	0
7469	2	4	3	0	0	28	2196	0	1	1	0
7475	1	1	1	0	0	28	2196	0	1	0	0
7475	2	4	3	0	0	28	2196	0	1	0	0
7481	2	4	3	0	0	28	2196	0	1	1	0
7482	1	1	1	0	0	28	2196	1	0	0	0
7482	2	4	3	0	0	28	2196	1	0	0	0
7485	1	1	1	0	0	28	2196	0	1	1	0
7487	2	4	3	0	0	28	2196	0	1	1	0
7489	1	1	1	0	0	28	2196	2	0	0	0
7489	2	4	3	0	0	28	2196	2	0	1	0
7492	2	4	3	0	0	28	2196	0	1	1	0
7495	1	1	1	0	0	28	2196	0	1	1	0
7496	1	1	1	0	0	28	2196	3	0	1	0
7499	2	4	3	0	0	28	2196	0	1	1	0
7504	2	4	3	0	0	28	2196	0	1	1	0
7505	1	1	1	0	0	28	2196	0	1	1	0
7510	2	4	3	0	0	28	2196	0	1	1	0
7515	1	1	1	0	0	28	2196	0	1	1	0
7517	2	4	3	0	0	28	2196	0	1	1	0
7522	2	4	3	0	0	28	2196	0	1	1	0
7525	1	1	1	0	0	28	2196	0	1	1	0
7528	2	4	3	0	0	28	2196	0	1	1	0
7533	2	4	3	0	0	28	2196	0	1	1	0
7535	1	1	1	0	0	28	2196	0	1	1	0
7540	2	4	3	0	0	28	2196	0	1	1	0
7545	1	1	1	0	0	28	2196	0	1	1	0
7546	2	4	3	0	0	28	2196	0	1	1	0
7551	2	4	3	0	0	28	2196	0	1	1	0
7555	1	1	1	0	0	28	2196	0	1	1	0
7558	2	4	3	0	0	28	2196	0	1	1	0
7563	2	4	3	0	0	28	2196	0	1	1	0
7565	1	1	1	0	0	28	2196	0	1	1	0
7569	2	4	3	0	0	28	2196	0	1	1	0
7575	1	1	1	0	0	28	2196	0	1	0	0
7575	2	4	3	0	0	28	2196	0	1	0	0
7581	2	4	3	0	0	28	2196	0	1	1	0
7582	1	1	1	0	0	28	2196	1	0	0	0
7582	2	4	3	0	0	28	2196	1	0	0	0
7585	1	1	1	0	0	28	2196	0	1	1	0
7587	2	4	3	0	0	28	2196	0	1	1	0
7589	1	1	1	0	0	28	2196	2	0	0	0
7589	2	4	3	0	0	28	2196	2	0	1	0
7593	2	4	3	0	0	28	2196	0	1	1	0
7595	1	1	1	0	0	28	2196	0	1	1	0
7596	1	1	1	0	0	28	2196	3	0	1	0
7599	2	4	3	0	0	28	2196	0	1	1	0
7605	1	1	1	0	0	28	2196	0	1	0	0
7605	2	4	3	0	0	28	2196	0	1	0	0
7611	2	4	3	0	0	28	2196	0	1	1	0
7612	1	1	1	0	0	28	2196	1	0	0	0
7612	2	4	3	0	0	28	2196	1	0	0	0
7615	1	1	1	0	0	28	2196	0	1	1	0
7617	2	4	3	0	0	28	2196	0	1	1	0
7619	1	1	1	0	0	28	2196	2	0	0	0
7619	2	4	3	0	0	28	2196	2	0	1	0
7622	2	4	3	0	0	28	2196	0	1	1	0
7625	1	1	1	0	0	28	2196	0	1	1	0
7626	1	1	1	0	0	28	2196	3	0	1	0
7628	2	4	3	0	0	28	2196	0	1	1	0
7634	2	4	3	0	0	28	2196	0	1	1	0
7635	1	1	1	0	0	28	2196	0	1	1	0
7640	2	4	3	0	0	28	2196	0	1	1	0
7645	1	1	1	0	0	28	2196	0	1	1	0
7646	2	4	3	0	0	28	2196	0	1	1	0
7652	2	4	3	0	0	28	2196	0	1	1	0
7655	1	1	1	0	0	28	2196	0	1	1	0
7658	2	4	3	0	0	28	2196	0	1	1	0
7663	2	4	3	0	0	28	2196	0	1	1	0
7665	1	1	1	0	0	28	2196	0	1	1	0
7670	2	4	3	0	0	28	2196	0	1	1	0
7675	1	1	1	0	0	28	2196	0	1	1	0
7676	2	4	3	0	0	28	2196	0	1	1	0
7681	2	4	3	0	0	28	2196	0	1	1	0
7685	1	1	1	0	0	28	2196	0	1	1	0
7688	2	4	3	0	0	28	2196	0	1	1	0
7693	2	4	3	0	0	28	2196	0	1	1	0
7695	1	1	1	0	0	28	2196	0	1	1	0
7699	2	4	3	0	0	28	2196	0	1	1	0
7705	1	1	1	0	0	28	2196	0	1	0	0
7705	2	4	3	0	0	28	2196	0	1	0	0
7711	2	4	3	0	0	28	2196	0	1	1	0
7712	1	1	1	0	0	28	2196	1	0	0	0
7712	2	4	3	0	0	28	2196	1	0	0	0
7715	1	1	1	0	0	28	2196	0	1	1	0
7717	2	4	3	0	0	28	2196	0	1	1	0
7719	1	1	1	0	0	28	2196	2	0	0	0
7719	2	4	3	0	0	28	2196	2	0	1	0
7722	2	4	3	0	0	28	2196	0	1	1	0
7725	1	1	1	0	0	28	2196	0	1	1	0
7726	1	1	1	0	0	28	2196	3	0	1	0
7729	2	4	3	0	0	28	2196	0	1	1	0
7734	2	4	3	0	0	28	2196	0	1	1	0
7735	1	1	1	0	0	28	2196	0	1	1	0
7740	2	4	3	0	0	28	2196	0	1	1	0
7745	1	1	1	0	0	28	2196	0	1	1	0
7747	2	4	3	0	0	28	2196	0	1	1	0
7752	2	4	3	0	0	28	2196	0	1	1	0
7755	1	1	1	0	0	28	2196	0	1	1	0
7758	2	4	3	0	0	28	2196	0	1	1	0
7764	2	4	3	0	0	28	2196	0	1	1	0
7765	1	1	1	0	0	28	2196	0	1	1	0
7770	2	4	3	0	0	28	2196	0	1	1	0
7775	1	1	1	0	0	28	2196	0	1	1	0
7776	2	4	3	0	0	28	2196	0	1	1	0
7782	2	4	3	0	0	28	2196	0	1	1	0
7785	1	1	1	0	0	28	2196	0	1	1	0
7788	2	4	3	0	0	28	2196	0	1	1	0
7793	2	4	3	0	0	28	2196	0	1	1	0
7795	1	1	1	0	0	28	2196	0	1	1	0
7799	2	4	3	0	0	28	2196	0	1	1	0
7805	1	1	1	0	0	28	2196	0	1	0	0
7805	2	4	3	0	0	28	2196	0	1	0	0
7811	2	4	3	0	0	28	2196	0	1	1	0
7812	1	1	1	0	0	28	2196	1	0	0	0
7812	2	4	3	0	0	28	2196	1	0	0	0
7815	1	1	1	0	0	28	2196	0	1	1	0
7817	2	4	3	0	0	28	2196	0	1	1	0
7819	1	1	1	0	0	28	2196	2	0	0	0
7819	2	4	3	0	0	28	2196	2	0	1	0
7823	2	4	3	0	0	28	2196	0	1	1	0
7825	1	1	1	0	0	28	2196	0	1	1	0
7826	1	1	1	0	0	28	2196	3	0	1	0
7829	2	4	3	0	0	28	2196	0	1	1	0
7835	1	1	1	0	0	28	2196	0	1	0	0
7835	2	4	3	0	0	28	2196	0	1	0	0
7841	2	4	3	0	0	28	2196	0	1	1	0
7842	1	1	1	0	0	28	2196	1	0	0	0
7842	2	4	3	0	0	28	2196	1	0	0	0
7845	1	1	1	0	0	28	2196	0	1	1	0
7847	2	4	3	0	0	28	2196	0	1	1	0
7849	1	1	1	0	0	28	2196	2	0	0	0
7849	2	4	3	0	0	28	2196	2	0	1	0
7852	2	4	3	0	0	28	2196	0	1	1	0
7855	1	1	1	0	0	28	2196	0	1	1	0
7856	1	1	1	0	0	28	2196	3	0	1	0
7859	2	4	3	0	0	28	2196	0	1	1	0
7864	2	4	3	0	0	28	2196	0	1	1	0
7865	1	1	1	0	0	28	2196	0	1	1	0
7870	2	4	3	0	0	28	2196	0	1	1	0
7875	1	1	1	0	0	28	2196	0	1	1	0
7877	2	4	3	0	0	28	2196	0	1	1	0
7882	2	4	3	0	0	28	2196	0	1	1	0
7885	1	1	1	0	0	28	2196	0	1	1	0
7888	2	4	3	0	0	28	2196	0	1	1	0
7893	2	4	3	0	0	28	2196	0	1	1	0
7895	1	1	1	0	0	28	2196	0	1	1	0
7900	2	4	3	0	0	28	2196	0	1	1	0
7905	1	1	1	0	0	28	2196	0	1	1	0
7906	2	4	3	0	0	28	2196	0	1	1	0
7911	2	4	3	0	0	28	2196	0	1	1	0
7915	1	1	1	0	0	28	2196	0	1	1	0
7918	2	4	3	0	0	28	2196	0	1	1	0
7923	2	4	3	0	0	28	2196	0	1	1	0
7925	1	1	1	0	0	28	2196	0	1	1	0
7929	2	4	3	0	0	28	2196	0	1	1	0
7935	1	1	1	0	0	28	2196	0	1	0	0
7935	2	4	3	0	0	28	2196	0	1	0	0
7941	2	4	3	0	0	28	2196	0	1	1	0
7942	1	1	1	0	0	28	2196	1	0	0	0
7942	2	4	3	0	0	28	2196	1	0	0	0
7945	1	1	1	0	0	28	2196	0	1	1	0
7947	2	4	3	0	0	28	2196	0	1	1	0
7949	1	1	1	0	0	28	2196	2	0	0	0
7949	2	4	3	0	0	28	2196	2	0	1	0
7953	2	4	3	0	0	28	2196	0	1	1	0
7955	1	1	1	0	0	28	2196	0	1	1	0
7956	1	1	1	0	0	28	2196	3	0	1	0
7959	2	4	3	0	0	28	2196	0	1	1	0
7964	2	4	3	0	0	28	2196	0	1	1	0
7965	1	1	1	0	0	28	2196	0	1	1	0
7970	2	4	3	0	0	28	2196	0	1	1	0
7975	1	1	1	0	0	28	2196	0	1	1	0
7977	2	4	3	0	0	28	2196	0	1	1	0
7982	2	4	3	0	0	28	2196	0	1	1	0
7985	1	1	1	0	0	28	2196	0	1	1	0
7988	2	4	3	0	0	28	2196	0	1	1	0
7994	2	4	3	0	0	28	2196	0	1	1	0
7995	1	1	1	0	0	28	2196	0	1	1	0
8000	2	4	3	0	0	28	2196	0	1	1	0
8005	1	1	1	0	0	28	2196	0	1	1	0
8006	2	4	3	0	0	28	2196	0	1	1	0
8012	2	4	3	0	0	28	2196	0	1	1	0
8014	2	6	1	0	0	28	2196	0	1	1	0
8016	1	1	1	0	0	28	2196	0	1	1	0
8018	2	4	3	0	0	28	2196	0	1	1	0
8023	2	4	3	0	0	28	2196	0	1	1	0
8025	1	1	1	0	0	28	2196	0	1	1	0
8030	2	4	3	0	0	28	2196	0	1	1	0
8035	1	1	1	0	0	28	2196	0	1	1	0
8036	2	4	3	0	0	28	2196	0	1	1	0
8041	2	4	3	0	0	28	2196	0	1	1	0
8045	1	1	1	0	0	28	2196	0	1	1	0
8047	2	4	3	0	0	28	2196	0	1	1	0
8053	2	4	3	0	0	28	2196	0	1	1	0
8055	1	1	1	0	0	28	2196	0	1	1	0
8059	2	4	3	0	0	28	2196	0	1	1	0
8065	1	1	1	0	0	28	2196	0	1	0	0
8065	2	4	3	0	0	28	2196	0	1	0	0
8071	2	4	3	0	0	28	2196	0	1	1	0
8072	1	1	1	0	0	28	2196	1	0	0	0
8072	2	4	3	0	0	28	2196	1	0	0	0
8075	1	1	1	0	0	28	2196	0	1	1	0
8077	2	4	3	0	0	28	2196	0	1	1	0
8079	1	1	1	0	0	28	2196	2	0	0	0
8079	2	4	3	0	0	28	2196	2	0	1	0
8082	2	4	3	0	0	28	2196	0	1	1	0
8085	1	1	1	0	0	28	2196	0	1	1	0
8086	1	1	1	0	0	28	2196	3	0	1	0
8089	2	4	3	0	0	28	2196	0	1	1	0
8094	2	4	3	0	0	28	2196	0	1	1	0
8095	1	1	1	0	0	28	2196	0	1	1	0
8100	2	4	3	0	0	28	2196	0	1	1	0
8105	1	1	1	0	0	28	2196	0	1	1	0
8107	2	4	3	0	0	28	2196	0	1	1	0
8112	2	4	3	0	0	28	2196	0	1	1	0
8115	1	1	1	0	0	28	2196	0	1	1	0
8118	2	4	3	0	0	28	2196	0	1	1	0
8123	2	4	3	0	0	28	2196	0	1	1	0
8125	1	1	1	0	0	28	2196	0	1	1	0
8130	2	4	3	0	0	28	2196	0	1	1	0
8135	1	1	1	0	0	28	2196	0	1	1	0
8136	2	4	3	0	0	28	2196	0	1	1	0
8141	2	4	3	0	0	28	2196	0	1	1	0
8145	1	1	1	0	0	28	2196	0	1	1	0
8148	2	4	3	0	0	28	2196	0	1	1	0
8153	2	4	3	0	0	28	2196	0	1	1	0
8155	1	1	1	0	0	28	2196	0	1	1	0
8159	2	4	3	0	0	28	2196	0	1	1	0
8165	1	1	1	0	0	28	2196	0	1	0	0
8165	2	4	3	0	0	28	2196	0	1	0	0
8171	2	4	3	0	0	28	2196	0	1	1	0
8172	1	1	1	0	0	28	2196	1	0	0	0
8172	2	4	3	0	0	28	2196	1	0	0	0
8175	1	1	1	0	0	28	2196	0	1	1	0
8177	2	4	3	0	0	28	2196	0	1	1	0
8179	1	1	1	0	0	28	2196	2	0	0	0
8179	2	4	3	0	0	28	2196	2	0	1	0
8183	2	4	3	0	0	28	2196	0	1	1	0
8185	1	1	1	0	0	28	2196	0	1	1	0
8186	1	1	1	0	0	28	2196	3	0	1	0
8189	2	4	3	0	0	28	2196	0	1	1	0
8195	1	1	1	0	0	28	2196	0	1	0	0
8195	2	4	3	0	0	28	2196	0	1	0	0
8201	2	4	3	0	0	28	2196	0	1	1	0
8202	1	1	1	0	0	28	2196	1	0	0	0
8202	2	4	3	0	0	28	2196	1	0	0	0
8205	1	1	1	0	0	28	2196	0	1	1	0
8207	2	4	3	0	0	28	2196	0	1	1	0
8209	1	1	1	0	0	28	2196	2	0	0	0
8209	2	4	3	0	0	28	2196	2	0	1	0
8212	2	4	3	0	0	28	2196	0	1	1	0
8215	1	1	1	0	0	28	2196	0	1	1	0
8216	1	1	1	0	0	28	2196	3	0	1	0
8218	2	4	3	0	0	28	2196	0	1	1	0
8224	2	4	3	0	0	28	2196	0	1	1	0
8225	1	1	1	0	0	28	2196	0	1	1	0
8230	2	4	3	0	0	28	2196	0	1	1	0
8235	1	1	1	0	0	28	2196	0	1	1	0
8236	2	4	3	0	0	28	2196	0	1	1	0
8242	2	4	3	0	0	28	2196	0	1	1	0
8245	1	1	1	0	0	28	2196	0	1	1	0
8248	2	4	3	0	0	28	2196	0	1	1	0
8253	2	4	3	0	0	28	2196	0	1	1	0
8255	1	1	1	0	0	28	2196	0	1	1	0
8260	2	4	3	0	0	28	2196	0	1	1	0
8265	1	1	1	0	0	28	2196	0	1	1	0
8266	2	4	3	0	0	28	2196	0	1	1	0
8271	2	4	3	0	0	28	2196	0	1	1	0
8275	1	1	1	0	0	28	2196	0	1	1	0
8278	2	4	3	0	0	28	2196	0	1	1	0
8283	2	4	3	0	0	28	2196	0	1	1	0
8285	1	1	1	0	0	28	2196	0	1	1	0
8289	2	4	3	0	0	28	2196	0	1	1	0
8295	1	1	1	0	0	28	2196	0	1	0	0
8295	2	4	3	0	0	28	2196	0	1	0	0
8301	2	4	3	0	0	28	2196	0	1	1	0
8302	1	1	1	0	0	28	2196	1	0	0	0
8302	2	4	3	0	0	28	2196	1	0	0	0
8305	1	1	1	0	0	28	2196	0	1	1	0
8307	2	4	3	0	0	28	2196	0	1	1	0
8309	1	1	1	0	0	28	2196	2	0	0	0
8309	2	4	3	0	0	28	2196	2	0	1	0
8312	2	4	3	0	0	28	2196	0	1	1	0
8315	1	1	1	0	0	28	2196	0	1	1	0
8316	1	1	1	0	0	28	2196	3	0	1	0
8319	2	4	3	0	0	28	2196	0	1	1	0
8324	2	4	3	0	0	28	2196	0	1	1	0
8325	1	1	1	0	0	28	2196	0	1	1	0
8331	2	4	3	0	0	28	2196	0	1	1	0
8335	1	1	1	0	0	28	2196	0	1	1	0
8341	2	4	3	0	0	28	2196	0	1	1	0
8345	1	1	1	0	0	28	2196	0	1	1	0
8350	2	4	3	0	0	28	2196	0	1	1	0
8355	1	1	1	0	0	28	2196	0	1	1	0
8360	2	4	3	0	0	28	2196	0	1	1	0
8365	1	1	1	0	0	28	2196	0	1	1	0
8370	2	4	3	0	0	28	2196	0	1	1	0
8375	1	1	1	0	0	28	2196	0	1	1	0
8380	2	4	3	0	0	28	2196	0	1	1	0
8385	1	1	1	0	0	28	2196	0	1	1	0
8390	2	4	3	0	0	28	2196	0	1	1	0
8395	1	1	1	0	0	28	2196	0	1	1	0
8399	2	4	3	0	0	28	2196	0	1	1	0
8405	1	1	1	0	0	28	2196	0	1	1	0
8409	2	4	3	0	0	28	2196	0	1	1	0
8415	1	1	1	0	0	28	2196	0	1	1	0
8419	2	4	3	0	0	28	2196	0	1	1	0
8425	1	1	1	0	0	28	2196	0	1	1	0
8429	2	4	3	0	0	28	2196	0	1	1	0
8435	1	1	1	0	0	28	2196	0	1	1	0
8438	2	4	3	0	0	28	2196	0	1	1	0
8445	1	1	1	0	0	28	2196	0	1	1	0
8448	2	4	3	0	0	28	2196	0	1	1	0
8455	1	1	1	0	0	28	2196	0	1	1	0
8458	2	4	3	0	0	28	2196	0	1	1	0
8465	1	1	1	0	0	28	2196	0	1	1	0
8468	2	4	3	0	0	28	2196	0	1	1	0
8475	1	1	1	0	0	28	2196	0	1	1	0
8478	2	4	3	0	0	28	2196	0	1	1	0
8485	1	1	1	0	0	28	2196	0	1	1	0
8487	2	4	3	0	0	28	2196	0	1	1	0
8495	1	1	1	0	0	28	2196	0	1	1	0
8497	2	4	3	0	0	28	2196	0	1	1	0
8505	1	1	1	0	0	28	2196	0	1	1	0
8507	2	4	3	0	0	28	2196	0	1	1	0
8515	1	1	1	0	0	28	2196	0	1	1	0
8517	2	4	3	0	0	28	2196	0	1	1	0
8525	1	1	1	0	0	28	2196	0	1	1	0
8526	2	4	3	0	0	28	2196	0	1	1	0
8535	1	1	1	0	0	28	2196	0	1	1	0
8536	2	4	3	0	0	28	2196	0	1	1	0
8545	1	1	1	0	0	28	2196	0	1	1	0
8546	2	4	3	0	0	28	2196	0	1	1	0
8555	1	1	1	0	0	28	2196	0	1	0	0
8555	2	4	3	0	0	28	2196	0	1	0	0
8562	1	1	1	0	0	28	2196	1	0	0	0
8562	2	4	3	0	0	28	2196	1	0	0	0
8565	1	1	1	0	0	28	2196	0	1	0	0
8565	2	4	3	0	0	28	2196	0	1	0	0
8569	1	1	1	0	0	28	2196	2	0	0	0
8569	2	4	3	0	0	28	2196	2	0	1	0
8572	1	1	1	0	0	28	2196	1	0	0	0
8572	2	4	3	0	0	28	2196	1	0	0	0
8575	1	1	1	0	0	28	2196	0	1	0	0
8575	2	4	3	0	0	28	2196	0	1	0	0
8576	1	1	1	0	0	28	2196	3	0	1	0
8579	1	1	1	0	0	28	2196	2	0	0	0
8579	2	4	3	0	0	28	2196	2	0	1	0
8582	1	1	1	0	0	28	2196	1	0	0	0
8582	2	4	3	0	0	28	2196	1	0	0	0
8584	2	4	3	0	0	28	2196	0	1	1	0
8585	1	1	1	0	0	28	2196	0	1	1	0
8586	1	1	1	0	0	28	2196	3	0	1	0
8589	1	1	1	0	0	28	2196	2	0	0	0
8589	2	4	3	0	0	28	2196	2	0	1	0
8594	2	4	3	0	0	28	2196	0	1	1	0
8595	1	1	1	0	0	28	2196	0	1	1	0
8596	1	1	1	0	0	28	2196	3	0	1	0
8604	2	4	3	0	0	28	2196	0	1	1	0
8605	1	1	1	0	0	28	2196	0	1	1	0
8613	2	4	3	0	0	28	2196	0	1	1	0
8615	1	1	1	0	0	28	2196	0	1	1	0
8623	2	4	3	0	0	28	2196	0	1	1	0
8625	1	1	1	0	0	28	2196	0	1	1	0
8633	2	4	3	0	0	28	2196	0	1	1	0
8635	1	1	1	0	0	28	2196	0	1	1	0
8643	2	4	3	0	0	28	2196	0	1	1	0
8645	1	1	1	0	0	28	2196	0	1	1	0
8652	2	4	3	0	0	28	2196	0	1	1	0
8655	1	1	1	0	0	28	2196	0	1	1	0
8662	2	4	3	0	0	28	2196	0	1	1	0
8665	1	1	1	0	0	28	2196	0	1	1	0
8672	2	4	3	0	0	28	2196	0	1	1	0
8675	1	1	1	0	0	28	2196	0	1	1	0
8682	2	4	3	0	0	28	2196	0	1	1	0
8685	1	1	1	0	0	28	2196	0	1	1	0
8692	2	4	3	0	0	28	2196	0	1	1	0
8695	1	1	1	0	0	28	2196	0	1	1	0
8701	2	4	3	0	0	28	2196	0	1	1	0
8705	1	1	1	0	0	28	2196	0	1	1	0
8711	2	4	3	0	0	28	2196	0	1	1	0
8715	1	1	1	0	0	28	2196	0	1	1	0
8721	2	4	3	0	0	28	2196	0	1	1	0
8725	1	1	1	0	0	28	2196	0	1	1	0
8731	2	4	3	0	0	28	2196	0	1	1	0
8735	1	1	1	0	0	28	2196	0	1	1	0
8740	2	4	3	0	0	28	2196	0	1	1	0
8745	1	1	1	0	0	28	2196	0	1	1	0
8750	2	4	3	0	0	28	2196	0	1	1	0
8755	1	1	1	0	0	28	2196	0	1	1	0
8760	2	4	3	0	0	28	2196	0	1	1	0
8765	1	1	1	0	0	28	2196	0	1	1	0
8770	2	4	3	0	0	28	2196	0	1	1	0
8775	1	1	1	0	0	28	2196	0	1	1	0
8780	2	4	3	0	0	28	2196	0	1	1	0
8785	1	1	1	0	0	28	2196	0	1	1	0
8789	2	4	3	0	0	28	2196	0	1	1	0
8795	1	1	1	0	0	28	2196	0	1	1	0
8799	2	4	3	0	0	28	2196	0	1	1	0
8805	1	1	1	0	0	28	2196	0	1	1	0
8809	2	4	3	0	0	28	2196	0	1	1	0
8815	1	1	1	0	0	28	2196	0	1	1	0
8819	2	4	3	0	0	28	2196	0	1	1	0
8825	1	1	1	0	0	28	2196	0	1	1	0
8828	2	4	3	0	0	28	2196	0	1	1	0
8835	1	1	1	0	0	28	2196	0	1	1	0
8838	2	4	3	0	0	28	2196	0	1	1	0
8845	1	1	1	0	0	28	2196	0	1	1	0
8848	2	4	3	0	0	28	2196	0	1	1	0
8855	1	1	1	0	0	28	2196	0	1	1	0
8858	2	4	3	0	0	28	2196	0	1	1	0
8865	1	1	1	0	0	28	2196	0	1	1	0
8868	2	4	3	0	0	28	2196	0	1	1	0
8875	1	1	1	0	0	28	2196	0	1	1	0
8877	2	4	3	0	0	28	2196	0	1	1	0
8885	1	1	1	0	0	28	2196	0	1	1	0
8887	2	4	3	0	0	28	2196	0	1	1	0
8895	1	1	1	0	0	28	2196	0	1	1	0
8897	2	4	3	0	0	28	2196	0	1	1	0
8905	1	1	1	0	0	28	2196	0	1	1	0
8907	2	4	3	0	0	28	2196	0	1	1	0
8915	1	1	1	0	0	28	2196	0	1	1	0
8916	2	4	3	0	0	28	2196	0	1	1	0
8925	1	1	1	0	0	28	2196	0	1	1	0
8926	2	4	3	0	0	28	2196	0	1	1	0
8935	1	1	1	0	0	28	2196	0	1	1	0
8936	2	4	3	0	0	28	2196	0	1	1	0
8945	1	1	1	0	0	28	2196	0	1	0	0
8945	2	4	3	0	0	28	2196	0	1	0	0
8952	1	1	1	0	0	28	2196	1	0	0	0
8952	2	4	3	0	0	28	2196	1	0	0	0
8955	1	1	1	0	0	28	2196	0	1	0	0
8955	2	4	3	0	0	28	2196	0	1	0	0
8959	1	1	1	0	0	28	2196	2	0	0	0
8959	2	4	3	0	0	28	2196	2	0	1	0
8962	1	1	1	0	0	28	2196	1	0	0	0
8962	2	4	3	0	0	28	2196	1	0	0	0
8965	1	1	1	0	0	28	2196	0	1	0	0
8965	2	4	3	0	0	28	2196	0	1	0	0
8966	1	1	1	0	0	28	2196	3	0	1	0
8969	1	1	1	0	0	28	2196	2	0	0	0
8969	2	4	3	0	0	28	2196	2	0	1	0
8972	1	1	1	0	0	28	2196	1	0	0	0
8972	2	4	3	0	0	28	2196	1	0	0	0
8974	2	4	3	0	0	28	2196	0	1	1	0
8975	1	1	1	0	0	28	2196	0	1	1	0
8976	1	1	1	0	0	28	2196	3	0	1	0
8979	1	1	1	0	0	28	2196	2	0	0	0
8979	2	4	3	0	0	28	2196	2	0	1	0
8984	2	4	3	0	0	28	2196	0	1	1	0
8985	1	1	1	0	0	28	2196	0	1	1	0
8986	1	1	1	0	0	28	2196	3	0	1	0
8993	2	4	3	0	0	28	2196	0	1	1	0
8995	1	1	1	0	0	28	2196	0	1	1	0
9003	2	4	3	0	0	28	2196	0	1	1	0
9005	1	1	1	0	0	28	2196	0	1	1	0
9013	2	4	3	0	0	28	2196	0	1	1	0
9014	2	5	2	0	0	28	2196	0	1	1	0
9024	2	4	3	0	0	28	2196	0	1	1	0
9028	1	1	1	0	0	28	2196	0	1	0	0
9028	2	6	1	0	0	28	2196	0	1	0	0
9029	1	1	1	0	0	28	2196	0	1	1	0
9034	2	4	3	0	0	28	2196	0	1	1	0
9035	1	1	1	0	0	28	2196	1	0	0	0
9035	2	6	1	0	0	28	2196	1	0	1	0
9036	1	1	1	0	0	6	309	0	1	1	0
9037	1	1	1	0	0	6	309	0	1	1	0
9038	1	1	1	0	0	28	2196	0	1	1	0
9042	1	1	1	0	0	28	2196	2	0	1	0
9044	2	4	3	0	0	28	2196	0	1	1	0
9045	1	1	1	0	0	28	2196	0	1	1	0
9054	2	4	3	0	0	28	2196	0	1	1	0
9055	1	1	1	0	0	28	2196	0	1	1	0
9063	2	4	3	0	0	28	2196	0	1	1	0
9065	1	1	1	0	0	28	2196	0	1	1	0
9073	2	4	3	0	0	28	2196	0	1	1	0
9075	1	1	1	0	0	28	2196	0	1	1	0
9083	2	4	3	0	0	28	2196	0	1	1	0
9085	1	1	1	0	0	28	2196	0	1	1	0
9093	2	4	3	0	0	28	2196	0	1	1	0
9095	1	1	1	0	0	28	2196	0	1	1	0
9102	2	4	3	0	0	28	2196	0	1	1	0
9105	1	1	1	0	0	28	2196	0	1	1	0
9112	2	4	3	0	0	28	2196	0	1	1	0
9115	1	1	1	0	0	28	2196	0	1	1	0
9122	2	4	3	0	0	28	2196	0	1	1	0
9125	1	1	1	0	0	28	2196	0	1	1	0
9132	2	4	3	0	0	28	2196	0	1	1	0
9135	1	1	1	0	0	28	2196	0	1	1	0
9142	2	4	3	0	0	28	2196	0	1	1	0
9145	1	1	1	0	0	28	2196	0	1	1	0
9151	2	4	3	0	0	28	2196	0	1	1	0
9155	1	1	1	0	0	28	2196	0	1	1	0
9161	2	4	3	0	0	28	2196	0	1	1	0
9165	1	1	1	0	0	28	2196	0	1	1	0
9171	2	4	3	0	0	28	2196	0	1	1	0
9175	1	1	1	0	0	28	2196	0	1	1	0
9181	2	4	3	0	0	28	2196	0	1	1	0
9185	1	1	1	0	0	28	2196	0	1	1	0
9190	2	4	3	0	0	28	2196	0	1	1	0
9195	1	1	1	0	0	28	2196	0	1	1	0
9200	2	4	3	0	0	28	2196	0	1	1	0
9205	1	1	1	0	0	28	2196	0	1	1	0
9210	2	4	3	0	0	28	2196	0	1	1	0
9215	1	1	1	0	0	28	2196	0	1	1	0
9220	2	4	3	0	0	28	2196	0	1	1	0
9225	1	1	1	0	0	28	2196	0	1	1	0
9230	2	4	3	0	0	28	2196	0	1	1	0
9235	1	1	1	0	0	28	2196	0	1	1	0
9239	2	4	3	0	0	28	2196	0	1	1	0
9245	1	1	1	0	0	28	2196	0	1	1	0
9249	2	4	3	0	0	28	2196	0	1	1	0
9255	1	1	1	0	0	28	2196	0	1	1	0
9259	2	4	3	0	0	28	2196	0	1	1	0
9265	1	1	1	0	0	28	2196	0	1	1	0
9269	2	4	3	0	0	28	2196	0	1	1	0
9275	1	1	1	0	0	28	2196	0	1	1	0
9278	2	4	3	0	0	28	2196	0	1	1	0
9285	1	1	1	0	0	28	2196	0	1	1	0
9288	2	4	3	0	0	28	2196	0	1	1	0
9295	1	1	1	0	0	28	2196	0	1	1	0
9298	2	4	3	0	0	28	2196	0	1	1	0
9305	1	1	1	0	0	28	2196	0	1	1	0
9308	2	4	3	0	0	28	2196	0	1	1	0
9315	1	1	1	0	0	28	2196	0	1	1	0
9318	2	4	3	0	0	28	2196	0	1	1	0
9325	1	1	1	0	0	28	2196	0	1	1	0
9327	2	4	3	0	0	28	2196	0	1	1	0
9335	1	1	1	0	0	28	2196	0	1	1	0
9337	2	4	3	0	0	28	2196	0	1	1	0
9345	1	1	1	0	0	28	2196	0	1	1	0
9347	2	4	3	0	0	28	2196	0	1	1	0
9355	1	1	1	0	0	28	2196	0	1	1	0
9357	2	4	3	0	0	28	2196	0	1	1	0
9365	1	1	1	0	0	28	2196	0	1	1	0
9366	2	4	3	0	0	28	2196	0	1	1	0
9375	1	1	1	0	0	28	2196	0	1	1	0
9376	2	4	3	0	0	28	2196	0	1	1	0
9385	1	1	1	0	0	28	2196	0	1	1	0
9386	2	4	3	0	0	28	2196	0	1	1	0
9395	1	1	1	0	0	28	2196	0	1	0	0
9395	2	4	3	0	0	28	2196	0	1	0	0
9402	1	1	1	0	0	28	2196	1	0	0	0
9402	2	4	3	0	0	28	2196	1	0	1	0
9405	1	1	1	0	0	28	2196	0	1	0	0
9405	2	4	3	0	0	28	2196	0	1	0	0
9409	1	1	1	0	0	28	2196	2	0	1	0
9412	1	1	1	0	0	28	2196	1	0	0	0
9412	2	4	3	0	0	28	2196	1	0	1	0
9415	1	1	1	0	0	28	2196	0	1	0	0
9415	2	4	3	0	0	28	2196	0	1	0	0
9419	1	1	1	0	0	28	2196	2	0	1	0
9422	1	1	1	0	0	28	2196	1	0	0	0
9422	2	4	3	0	0	28	2196	1	0	1	0
9424	2	4	3	0	0	28	2196	0	1	1	0
9425	1	1	1	0	0	28	2196	0	1	1	0
9429	1	1	1	0	0	28	2196	2	0	1	0
9434	2	4	3	0	0	28	2196	0	1	1	0
9435	1	1	1	0	0	28	2196	0	1	1	0
9443	2	4	3	0	0	28	2196	0	1	1	0
9445	1	1	1	0	0	28	2196	0	1	1	0
9453	2	4	3	0	0	28	2196	0	1	1	0
9455	1	1	1	0	0	28	2196	0	1	1	0
9463	2	4	3	0	0	28	2196	0	1	1	0
9465	1	1	1	0	0	28	2196	0	1	1	0
9473	2	4	3	0	0	28	2196	0	1	1	0
9475	1	1	1	0	0	28	2196	0	1	1	0
9483	2	4	3	0	0	28	2196	0	1	1	0
9485	1	1	1	0	0	28	2196	0	1	1	0
9492	2	4	3	0	0	28	2196	0	1	1	0
9495	1	1	1	0	0	28	2196	0	1	1	0
9502	2	4	3	0	0	28	2196	0	1	1	0
9505	1	1	1	0	0	28	2196	0	1	1	0
9512	2	4	3	0	0	28	2196	0	1	1	0
9515	1	1	1	0	0	28	2196	0	1	1	0
9522	2	4	3	0	0	28	2196	0	1	1	0
9525	1	1	1	0	0	28	2196	0	1	1	0
9531	2	4	3	0	0	28	2196	0	1	1	0
9535	1	1	1	0	0	28	2196	0	1	1	0
9541	2	4	3	0	0	28	2196	0	1	1	0
9545	1	1	1	0	0	28	2196	0	1	1	0
9551	2	4	3	0	0	28	2196	0	1	1	0
9555	1	1	1	0	0	28	2196	0	1	1	0
9561	2	4	3	0	0	28	2196	0	1	1	0
9565	1	1	1	0	0	28	2196	0	1	1	0
9571	2	4	3	0	0	28	2196	0	1	1	0
9575	1	1	1	0	0	28	2196	0	1	1	0
9580	2	4	3	0	0	28	2196	0	1	1	0
9585	1	1	1	0	0	28	2196	0	1	1	0
9590	2	4	3	0	0	28	2196	0	1	1	0
9595	1	1	1	0	0	28	2196	0	1	1	0
9600	2	4	3	0	0	28	2196	0	1	1	0
9605	1	1	1	0	0	28	2196	0	1	1	0
9610	2	4	3	0	0	28	2196	0	1	1	0
9615	1	1	1	0	0	28	2196	0	1	1	0
9619	2	4	3	0	0	28	2196	0	1	1	0
9625	1	1	1	0	0	28	2196	0	1	1	0
9629	2	4	3	0	0	28	2196	0	1	1	0
9635	1	1	1	0	0	28	2196	0	1	1	0
9639	2	4	3	0	0	28	2196	0	1	1	0
9645	1	1	1	0	0	28	2196	0	1	1	0
9649	2	4	3	0	0	28	2196	0	1	1	0
9655	1	1	1	0	0	28	2196	0	1	1	0
9659	2	4	3	0	0	28	2196	0	1	1	0
9665	1	1	1	0	0	28	2196	0	1	1	0
9668	2	4	3	0	0	28	2196	0	1	1	0
9675	1	1	1	0	0	28	2196	0	1	1	0
9678	2	4	3	0	0	28	2196	0	1	1	0
9685	1	1	1	0	0	28	2196	0	1	1	0
9688	2	4	3	0	0	28	2196	0	1	1	0
9695	1	1	1	0	0	28	2196	0	1	1	0
9698	2	4	3	0	0	28	2196	0	1	1	0
9705	1	1	1	0	0	28	2196	0	1	1	0
9707	2	4	3	0	0	28	2196	0	1	1	0
9715	1	1	1	0	0	28	2196	0	1	1	0
9717	2	4	3	0	0	28	2196	0	1	1	0
9725	1	1	1	0	0	28	2196	0	1	1	0
9727	2	4	3	0	0	28	2196	0	1	1	0
9735	1	1	1	0	0	28	2196	0	1	1	0
9737	2	4	3	0	0	28	2196	0	1	1	0
9745	1	1	1	0	0	28	2196	0	1	1	0
9747	2	4	3	0	0	28	2196	0	1	1	0
9755	1	1	1	0	0	28	2196	0	1	1	0
9756	2	4	3	0	0	28	2196	0	1	1	0
9765	1	1	1	0	0	28	2196	0	1	1	0
9766	2	4	3	0	0	28	2196	0	1	1	0
9775	1	1	1	0	0	28	2196	0	1	1	0
9776	2	4	3	0	0	28	2196	0	1	1	0
9785	1	1	1	0	0	28	2196	0	1	0	0
9785	2	4	3	0	0	28	2196	0	1	0	0
9792	1	1	1	0	0	28	2196	1	0	0	0
9792	2	4	3	0	0	28	2196	1	0	1	0
9795	1	1	1	0	0	28	2196	0	1	0	0
9795	2	4	3	0	0	28	2196	0	1	0	0
9799	1	1	1	0	0	28	2196	2	0	1	0
9802	1	1	1	0	0	28	2196	1	0	0	0
9802	2	4	3	0	0	28	2196	1	0	1	0
9804	2	4	3	0	0	28	2196	0	1	1	0
9805	1	1	1	0	0	28	2196	0	1	1	0
9809	1	1	1	0	0	28	2196	2	0	1	0
9814	2	4	3	0	0	28	2196	0	1	1	0
9815	1	1	1	0	0	28	2196	0	1	1	0
9824	2	4	3	0	0	28	2196	0	1	1	0
9825	1	1	1	0	0	28	2196	0	1	1	0
9833	2	4	3	0	0	28	2196	0	1	1	0
9835	1	1	1	0	0	28	2196	0	1	1	0
9843	2	4	3	0	0	28	2196	0	1	1	0
9845	1	1	1	0	0	28	2196	0	1	1	0
9853	2	4	3	0	0	28	2196	0	1	1	0
9855	1	1	1	0	0	28	2196	0	1	1	0
9863	2	4	3	0	0	28	2196	0	1	1	0
9865	1	1	1	0	0	28	2196	0	1	1	0
9873	2	4	3	0	0	28	2196	0	1	1	0
9875	1	1	1	0	0	28	2196	0	1	1	0
9882	2	4	3	0	0	28	2196	0	1	1	0
9885	1	1	1	0	0	28	2196	0	1	1	0
9892	2	4	3	0	0	28	2196	0	1	1	0
9895	1	1	1	0	0	28	2196	0	1	1	0
9902	2	4	3	0	0	28	2196	0	1	1	0
9905	1	1	1	0	0	28	2196	0	1	1	0
9912	2	4	3	0	0	28	2196	0	1	1	0
9915	1	1	1	0	0	28	2196	0	1	1	0
9921	2	4	3	0	0	28	2196	0	1	1	0
9925	1	1	1	0	0	28	2196	0	1	1	0
9931	2	4	3	0	0	28	2196	0	1	1	0
9935	1	1	1	0	0	28	2196	0	1	1	0
9941	2	4	3	0	0	28	2196	0	1	1	0
9945	1	1	1	0	0	28	2196	0	1	1	0
9951	2	4	3	0	0	28	2196	0	1	1	0
9955	1	1	1	0	0	28	2196	0	1	1	0
9961	2	4	3	0	0	28	2196	0	1	1	0
9965	1	1	1	0	0	28	2196	0	1	1	0
9970	2	4	3	0	0	28	2196	0	1	1	0
9975	1	1	1	0	0	28	2196	0	1	1	0
9980	2	4	3	0	0	28	2196	0	1	1	0
9985	1	1	1	0	0	28	2196	0	1	1	0
9990	2	4	3	0	0	28	2196	0	1	1	0
9995	1	1	1	0	0	28	2196	0	1	1	0
