% start	end	CellId	IMSI	RNTI	LCID	nTxPDUs	TxBytes	nRxPDUs	RxBytes	delay	stdDev	min	max	PduSize	stdDev	min	max
1	1.25	1	3	2	3	1	286	1	286	0.0129286	0	0.0129286	0.0129286	286	0	286	286	
1	1.25	1	4	4	3	26	36036	25	34606	0.0130886	0.000553775	0.0129286	0.0149286	1384.24	228.8	286	1430	
1	1.25	1	5	5	3	275	171250	271	169082	0.00816104	0.00285991	0.00492857	0.0149286	623.919	257.445	542	1430	
1	1.25	1	6	3	3	250	135500	237	128454	0.0115108	0.00533284	0.00492857	0.0249286	542	0	542	542	
1.25	1.5	1	4	4	3	25	35750	25	35750	0.0129286	0	0.0129286	0.0129286	1430	0	1430	1430	
1.25	1.5	1	5	5	3	275	171250	272	169624	0.0075646	0.00219103	0.00492857	0.0129286	623.618	257.017	542	1430	
1.25	1.5	1	6	3	3	250	135500	251	136042	0.012068	0.00368246	0.00492857	0.0209286	542	0	542	542	
1.5	1.75	1	4	4	3	25	35750	25	35750	0.0129286	0	0.0129286	0.0129286	1430	0	1430	1430	
1.5	1.75	1	5	5	3	275	171250	272	169624	0.00743225	0.00223194	0.00492857	0.0139286	623.618	257.017	542	1430	
1.5	1.75	1	6	3	3	250	135500	243	131706	0.0124594	0.00712478	0.00492857	0.0359286	542	0	542	542	
1.75	2	1	3	2	3	1	286	0	0	0	0	0	0	0	0	0	0	
1.75	2	1	4	4	3	26	36036	25	35750	0.0129286	0	0.0129286	0.0129286	1430	0	1430	1430	
1.75	2	1	5	5	3	275	171250	281	174502	0.00757626	0.00217627	0.00492857	0.0129286	621.004	253.262	542	1430	
1.75	2	1	6	3	3	250	135500	205	111110	0.0160847	0.0078024	0.00492857	0.0409286	542	0	542	542	
2	2.25	1	4	4	3	25	35750	26	36036	0.0129286	0.000282843	0.0119286	0.0139286	1386	224.357	286	1430	
2	2.25	1	5	5	3	275	171250	268	166568	0.00786887	0.00237579	0.00492857	0.0139286	621.522	254.033	542	1430	
2	2.25	1	6	3	3	221	119782	145	78590	0.0312182	0.0103178	0.0129286	0.0549286	542	0	542	542	
2	2.25	1	3	2	3	0	0	1	286	0.0119286	0	0.0119286	0.0119286	286	0	286	286	
2.25	2.5	1	4	4	3	25	35750	24	34320	0.0160952	0.00632914	0.0129286	0.0299286	1430	0	1430	1430	
2.25	2.5	1	5	5	3	275	171250	208	129608	0.00689011	0.00233198	0.00492857	0.0139286	623.115	256.451	542	1430	
2.25	2.5	2	6	1	3	79	42818	10	5420	0.0439286	0.0167	0.0189286	0.0689286	542	0	542	542	
2.5	2.75	1	4	4	3	25	35750	12	17160	0.0328452	0.029758	0.0209286	0.126929	1430	0	1430	1430	
2.5	2.75	1	5	5	3	275	171250	77	46174	0.156513	0.0285295	0.116929	0.210929	599.662	220.248	542	1430	
2.5	2.75	2	6	1	3	250	135500	15	8130	0.119795	0.0386114	0.0749286	0.205929	542	0	542	542	
2.75	3	1	3	2	3	1	286	0	0	0	0	0	0	0	0	0	0	
2.75	3	1	4	4	3	26	36036	32	45760	0.104272	0.0556136	0.0269286	0.206929	1430	0	1430	1430	
2.75	3	1	5	5	3	275	171250	139	80666	0.172339	0.0267416	0.126929	0.221929	580.331	181.12	542	1430	
2.75	3	2	6	1	3	250	135500	71	38482	0.178393	0.0409068	0.106929	0.279929	542	0	542	542	
3	3.25	1	4	4	3	25	35750	15	20306	0.0833286	0.0306007	0.0269286	0.125929	1353.73	295.38	286	1430	
3	3.25	1	5	5	3	275	171250	83	48538	0.183001	0.0314277	0.141929	0.234929	584.795	191.342	542	1430	
3	3.25	2	6	1	3	250	135500	45	24390	0.190484	0.0370402	0.126929	0.257929	542	0	542	542	
3	3.25	1	3	2	3	0	0	1	286	0.0189286	0	0.0189286	0.0189286	286	0	286	286	
3.25	3.5	1	4	4	3	25	35750	31	44330	0.0799286	0.0471487	0.0199286	0.175929	1430	0	1430	1430	
3.25	3.5	1	5	5	3	275	171250	107	66874	0.178714	0.0313408	0.123929	0.233929	624.991	259.689	542	1430	
3.25	3.5	2	6	1	3	250	135500	95	51490	0.194613	0.0274615	0.146929	0.243929	542	0	542	542	
3.5	3.75	1	4	4	3	25	35750	21	30030	0.0664048	0.0384599	0.0189286	0.130929	1430	0	1430	1430	
3.5	3.75	1	5	5	3	275	171250	146	82684	0.167935	0.0294069	0.116929	0.219929	566.329	145.454	542	1430	
3.5	3.75	2	6	1	3	250	135500	66	35772	0.192474	0.0280665	0.145929	0.241929	542	0	542	542	
3.75	4	1	3	2	3	1	286	0	0	0	0	0	0	0	0	0	0	
3.75	4	1	4	4	3	26	36036	30	42900	0.0556952	0.0467242	0.0189286	0.159929	1430	0	1430	1430	
3.75	4	1	5	5	3	275	171250	149	87862	0.172694	0.0301714	0.121929	0.219929	589.678	200.837	542	1430	
3.75	4	2	6	1	3	250	135500	115	62330	0.194302	0.027737	0.137929	0.244929	542	0	542	542	
4	4.25	1	4	4	3	25	35750	22	30316	0.0193831	0.00275555	0.0119286	0.0289286	1378	243.902	286	1430	
4	4.25	1	5	5	3	29	18382	0	0	0	0	0	0	0	0	0	0	
4	4.25	2	6	1	3	250	135500	191	103522	0.123798	0.068019	0.0329286	0.246929	542	0	542	542	
4	4.25	1	3	2	3	0	0	1	286	0.0199286	0	0.0199286	0.0199286	286	0	286	286	
4.25	4.5	1	4	4	3	25	35750	28	40040	0.0418214	0.0301003	0.0189286	0.118929	1430	0	1430	1430	
4.25	4.5	2	5	2	3	262	162428	14	8476	0.121857	0.0644771	0.0289286	0.220929	605.429	237.328	542	1430	
4.25	4.5	2	6	1	3	250	135500	86	46612	0.0649402	0.0141301	0.0379286	0.0799286	542	0	542	542	
4.5	4.75	1	4	4	3	25	35750	9	12870	0.0751508	0.0414481	0.0189286	0.125929	1430	0	1430	1430	
4.5	4.75	2	5	2	3	275	171250	18	9756	0.26404	0.00906116	0.233929	0.267929	542	0	542	542	
4.5	4.75	2	6	1	3	250	135500	77	41734	0.0738896	0.00386769	0.0649286	0.0799286	542	0	542	542	
4.75	5	1	3	2	3	1	286	0	0	0	0	0	0	0	0	0	0	
4.75	5	1	4	4	3	26	36036	34	48620	0.0569874	0.0388001	0.0189286	0.135929	1430	0	1430	1430	
4.75	5	2	5	2	3	275	171250	18	9756	0.267373	0.00051131	0.266929	0.267929	542	0	542	542	
4.75	5	2	6	1	3	250	135500	80	43360	0.0744661	0.00413978	0.0619286	0.0799286	542	0	542	542	
5	5.25	1	4	4	3	25	35750	18	24596	0.106151	0.0440328	0.0389286	0.178929	1366.44	269.643	286	1430	
5	5.25	2	5	2	3	275	171250	18	9756	0.267373	0.00051131	0.266929	0.267929	542	0	542	542	
5	5.25	2	6	1	3	250	135500	67	36314	0.0788241	0.00980435	0.0629286	0.101929	542	0	542	542	
5	5.25	1	3	2	3	0	0	1	286	0.0129286	0	0.0129286	0.0129286	286	0	286	286	
5.25	5.5	1	4	4	3	25	35750	26	37180	0.078544	0.0494353	0.0189286	0.168929	1430	0	1430	1430	
5.25	5.5	2	5	2	3	275	171250	18	9756	0.267373	0.00051131	0.266929	0.267929	542	0	542	542	
5.25	5.5	2	6	1	3	250	135500	56	30352	0.0952321	0.00472871	0.0859286	0.104929	542	0	542	542	
5.5	5.75	1	4	4	3	25	35750	19	27170	0.0835601	0.0333003	0.0199286	0.129929	1430	0	1430	1430	
5.5	5.75	2	5	2	3	275	171250	18	9756	0.267373	0.00051131	0.266929	0.267929	542	0	542	542	
5.5	5.75	2	6	1	3	250	135500	54	29268	0.0948545	0.00450095	0.0839286	0.101929	542	0	542	542	
5.75	6	1	3	2	3	1	286	0	0	0	0	0	0	0	0	0	0	
5.75	6	1	4	4	3	26	36036	9	12870	0.154373	0.032059	0.119929	0.209929	1430	0	1430	1430	
5.75	6	2	5	2	3	275	171250	1	542	0.267929	0	0.267929	0.267929	542	0	542	542	
5.75	6	2	6	1	3	250	135500	60	32520	0.0907619	0.0052211	0.0809286	0.101929	542	0	542	542	
6	6.25	1	4	4	3	25	35750	27	37466	0.155114	0.0358813	0.0799286	0.209929	1387.63	220.163	286	1430	
6	6.25	2	5	2	3	275	171250	0	0	0	0	0	0	0	0	0	0	
6	6.25	2	6	1	3	250	135500	57	30894	0.0929637	0.00470549	0.0839286	0.102929	542	0	542	542	
6	6.25	1	3	2	3	0	0	1	286	0.0129286	0	0.0129286	0.0129286	286	0	286	286	
6.25	6.5	1	4	4	3	25	35750	9	12870	0.137706	0.0383333	0.0899286	0.209929	1430	0	1430	1430	
6.25	6.5	2	5	2	3	275	171250	0	0	0	0	0	0	0	0	0	0	
6.25	6.5	2	6	1	3	250	135500	61	33062	0.0891089	0.00497496	0.0819286	0.0999286	542	0	542	542	
6.5	6.75	1	4	4	3	25	35750	18	25740	0.153262	0.0276533	0.0999286	0.209929	1430	0	1430	1430	
6.5	6.75	2	5	2	3	275	171250	0	0	0	0	0	0	0	0	0	0	
6.5	6.75	2	6	1	3	250	135500	57	30894	0.0907531	0.00565093	0.0819286	0.101929	542	0	542	542	
6.75	7	1	3	2	3	1	286	0	0	0	0	0	0	0	0	0	0	
6.75	7	1	4	4	3	26	36036	12	17160	0.189095	0.0308835	0.119929	0.229929	1430	0	1430	1430	
6.75	7	2	5	2	3	275	171250	0	0	0	0	0	0	0	0	0	0	
6.75	7	2	6	1	3	250	135500	41	22222	0.114368	0.00836675	0.0949286	0.127929	542	0	542	542	
7	7.25	2	4	3	3	5	7150	0	0	0	0	0	0	0	0	0	0	
7	7.25	2	5	2	3	275	171250	0	0	0	0	0	0	0	0	0	0	
7	7.25	2	6	1	3	250	135500	47	25474	0.110226	0.00763549	0.102929	0.130929	542	0	542	542	
7	7.25	1	3	2	3	0	0	1	286	0.0119286	0	0.0119286	0.0119286	286	0	286	286	
7.25	7.5	2	4	3	3	25	35750	21	30030	0.0466905	0.0442311	0.00592857	0.120929	1430	0	1430	1430	
7.25	7.5	2	5	2	3	275	171250	0	0	0	0	0	0	0	0	0	0	
7.25	7.5	2	6	1	3	250	135500	36	19512	0.134401	0.013729	0.106929	0.155929	542	0	542	542	
7.5	7.75	2	4	3	3	25	35750	25	35750	0.0129286	0	0.0129286	0.0129286	1430	0	1430	1430	
7.5	7.75	2	5	2	3	275	171250	0	0	0	0	0	0	0	0	0	0	
7.5	7.75	2	6	1	3	250	135500	43	23306	0.115394	0.000504685	0.114929	0.115929	542	0	542	542	
7.75	8	1	3	2	3	1	286	0	0	0	0	0	0	0	0	0	0	
7.75	8	2	4	3	3	26	36036	25	35750	0.0129286	0	0.0129286	0.0129286	1430	0	1430	1430	
7.75	8	2	5	2	3	275	171250	0	0	0	0	0	0	0	0	0	0	
7.75	8	2	6	1	3	250	135500	42	22764	0.115357	0.00050087	0.114929	0.115929	542	0	542	542	
8	8.25	2	4	3	3	25	35750	26	36036	0.0129286	0.000282843	0.0119286	0.0139286	1386	224.357	286	1430	
8	8.25	2	5	2	3	275	171250	0	0	0	0	0	0	0	0	0	0	
8	8.25	2	6	1	3	250	135500	42	22764	0.115405	0.000505487	0.114929	0.115929	542	0	542	542	
8.25	8.5	2	4	3	3	25	35750	25	35750	0.0129286	0	0.0129286	0.0129286	1430	0	1430	1430	
8.25	8.5	2	5	2	3	275	171250	0	0	0	0	0	0	0	0	0	0	
8.25	8.5	2	6	1	3	250	135500	31	16802	0.134832	0.0229032	0.114929	0.181929	542	0	542	542	
8.5	8.75	2	4	3	3	25	35750	25	35750	0.0129286	0	0.0129286	0.0129286	1430	0	1430	1430	
8.5	8.75	2	5	2	3	275	171250	0	0	0	0	0	0	0	0	0	0	
8.5	8.75	2	6	1	3	250	135500	26	14092	0.187736	0.00069393	0.185929	0.188929	542	0	542	542	
8.75	9	1	3	2	3	1	286	0	0	0	0	0	0	0	0	0	0	
8.75	9	2	4	3	3	26	36036	25	35750	0.0129286	0	0.0129286	0.0129286	1430	0	1430	1430	
8.75	9	2	5	2	3	275	171250	0	0	0	0	0	0	0	0	0	0	
8.75	9	2	6	1	3	250	135500	25	13550	0.188449	0.000585947	0.186929	0.188929	542	0	542	542	
9	9.25	2	4	3	3	25	35750	26	36036	0.014044	0.0035477	0.0129286	0.0259286	1386	224.357	286	1430	
9	9.25	2	5	2	3	275	171250	0	0	0	0	0	0	0	0	0	0	
9	9.25	2	6	1	3	250	135500	26	14092	0.188852	0.000744208	0.186929	0.189929	542	0	542	542	
9	9.25	1	3	2	3	0	0	2	572	0.511929	0.707107	0.0119286	1.01193	286	0	286	286	
9.25	9.5	2	4	3	3	25	35750	25	35750	0.0129286	0	0.0129286	0.0129286	1430	0	1430	1430	
9.25	9.5	2	5	2	3	275	171250	0	0	0	0	0	0	0	0	0	0	
9.25	9.5	2	6	1	3	250	135500	26	14092	0.188313	0.000697247	0.186929	0.188929	542	0	542	542	
9.5	9.75	2	4	3	3	25	35750	25	35750	0.0129286	0	0.0129286	0.0129286	1430	0	1430	1430	
9.5	9.75	2	5	2	3	275	171250	0	0	0	0	0	0	0	0	0	0	
9.5	9.75	2	6	1	3	250	135500	25	13550	0.188169	0.000663325	0.186929	0.188929	542	0	542	542	
9.75	10	2	4	3	3	25	35750	25	35750	0.0129286	0	0.0129286	0.0129286	1430	0	1430	1430	
9.75	10	2	5	2	3	275	171250	0	0	0	0	0	0	0	0	0	0	
9.75	10	2	6	1	3	250	135500	26	14092	0.187775	0.000543493	0.186929	0.188929	542	0	542	542	
