% start	end	CellId	IMSI	RNTI	LCID	nTxPDUs	TxBytes	nRxPDUs	RxBytes	delay	stdDev	min	max	PduSize	stdDev	min	max
1	1.25	1	3	2	3	1	288	1	288	0.00471429	0	0.00471429	0.00471429	288	0	288	288	
1	1.25	1	4	4	3	51	36141	49	34707	0.00471429	0	0.00471429	0.00471429	708.306	100.175	339	1095	
1	1.25	1	5	5	3	184	171955	180	169779	0.00471429	0	0.00471429	0.00471429	943.217	427.214	544	2292	
1	1.25	1	6	3	3	115	129423	115	129423	0.00471429	0	0.00471429	0.00471429	1125.42	537.721	544	2292	
1.25	1.5	1	4	4	3	50	35850	50	35850	0.00471429	0	0.00471429	0.00471429	717	32.3249	685	749	
1.25	1.5	1	5	5	3	189	171813	189	170647	0.00471429	0	0.00471429	0.00471429	902.894	286.75	544	2292	
1.25	1.5	1	6	3	3	117	138141	115	136297	0.00471429	0	0.00471429	0.00471429	1185.19	538.198	544	2292	
1.5	1.75	1	4	4	3	50	35850	50	35850	0.00471429	0	0.00471429	0.00471429	717	82.6747	339	1095	
1.5	1.75	1	5	5	3	188	169179	189	170274	0.00471429	0	0.00471429	0.00471429	900.921	297.493	544	2292	
1.5	1.75	1	6	3	3	116	132442	115	132244	0.00471429	0	0.00471429	0.00471429	1149.95	541.471	544	2292	
1.75	2	1	4	4	3	50	35850	50	35850	0.00471429	0	0.00471429	0.00471429	717	32.3249	685	749	
1.75	2	1	5	5	3	187	174967	186	175038	0.00471429	0	0.00471429	0.00471429	941.065	333.946	544	2292	
1.75	2	1	6	3	3	98	111184	100	112131	0.00471429	0	0.00471429	0.00471429	1121.31	481.478	544	2292	
2	2.25	1	3	2	3	1	288	1	288	0.00471429	0	0.00471429	0.00471429	288	0	288	288	
2	2.25	1	4	4	3	51	36140	51	36140	0.00471429	0	0.00471429	0.00471429	708.627	120.577	339	1095	
2	2.25	1	5	5	3	181	167313	183	167299	0.00471429	0	0.00471429	0.00471429	914.202	263.477	544	2292	
2	2.25	1	6	3	3	66	78199	66	78545	0.00471429	0	0.00471429	0.00471429	1190.08	461.686	749	2292	
2.25	2.5	1	4	4	3	47	35850	47	35511	0.00739514	0.00556818	0.00471429	0.0187143	755.553	371.921	339	1095	
2.25	2.5	1	5	5	3	127	165103	117	146971	0.00591087	0.00393095	0.00471429	0.0187143	1256.16	726.736	544	2292	
2.25	2.5	2	6	1	3	71	6035	67	5695	0.00471429	0	0.00471429	0.00471429	85	0	85	85	
2.5	2.75	1	4	4	3	45	35850	42	33738	0.0187143	0	0.0187143	0.0187143	803.286	353.484	339	1095	
2.5	2.75	1	5	5	3	83	129189	57	91143	0.0187143	0	0.0187143	0.0187143	1599	596.246	1095	2292	
2.5	2.75	2	6	1	3	137	45981	114	31498	0.00760025	0.00572645	0.00471429	0.0257143	276.298	229.41	85	549	
2.75	3	1	4	4	3	45	35511	42	33321	0.0187143	0	0.0187143	0.0187143	793.357	350.937	339	1095	
2.75	3	1	5	5	3	82	124503	54	84267	0.0187143	0	0.0187143	0.0187143	1560.5	589.014	1095	2292	
2.75	3	2	6	1	3	97	53253	72	39528	0.0121032	0.00723169	0.00471429	0.0257143	549	0	549	549	
3	3.25	1	3	2	3	1	288	1	288	0.0117143	0	0.0117143	0.0117143	288	0	288	288	
3	3.25	1	4	4	3	45	36476	42	35120	0.016881	0.003115	0.0117143	0.0187143	836.19	340.646	339	1095	
3	3.25	1	5	5	3	83	123773	44	61917	0.0172825	0.00285623	0.0117143	0.0187143	1407.2	556.033	469	2292	
3	3.25	2	6	1	3	115	63134	101	55448	0.0112291	0.00715628	0.00471429	0.0257143	548.99	0.0995037	548	549	
3.25	3.5	1	4	4	3	42	35850	42	34416	0.0142143	0.00339476	0.0117143	0.0187143	819.429	347.189	339	1095	
3.25	3.5	1	5	5	3	97	162474	67	120048	0.013177	0.00286742	0.0117143	0.0187143	1791.76	594.834	1095	2292	
3.25	3.5	2	6	1	3	107	58743	87	47763	0.0112315	0.00737983	0.00471429	0.0257143	549	0	549	549	
3.5	3.75	1	4	4	3	44	35850	42	34416	0.0117143	0	0.0117143	0.0117143	819.429	347.189	339	1095	
3.5	3.75	1	5	5	3	96	168450	54	96237	0.0118439	0.000952579	0.0117143	0.0187143	1782.17	597.453	1095	2292	
3.5	3.75	2	6	1	3	135	60563	126	57078	0.00971428	0.00551942	0.00471429	0.0257143	453	39.3483	437	549	
3.75	4	1	4	4	3	43	35511	44	36528	0.0117143	0	0.0117143	0.0117143	830.182	342.767	339	1095	
3.75	4	1	5	5	3	88	155362	47	80777	0.0117143	0	0.0117143	0.0117143	1718.66	631.207	544	2292	
3.75	4	2	6	1	3	134	58558	131	57247	0.0102181	0.00638071	0.00471429	0.0257143	437	0	437	437	
4	4.25	1	3	2	3	1	288	1	288	0.0117143	0	0.0117143	0.0117143	288	0	288	288	
4	4.25	1	4	4	3	28	36434	27	34665	0.0117143	0	0.0117143	0.0117143	1283.89	409.461	218	2292	
4	4.25	1	5	5	3	10	18132	6	11358	0.0117143	0	0.0117143	0.0117143	1893	618.128	1095	2292	
4	4.25	2	6	1	3	197	86049	194	84738	0.00644624	0.00456619	0.00471429	0.0257143	436.794	0.418191	435	437	
4.25	4.5	1	4	4	3	25	35800	25	35800	0.0164743	0.00333267	0.0117143	0.0187143	1432	0	1432	1432	
4.25	4.5	2	5	2	3	228	9348	224	9184	0.00471429	0	0.00471429	0.00471429	41	0	41	41	
4.25	4.5	2	6	1	3	199	44777	199	45917	0.00647308	0.00465172	0.00471429	0.0187143	230.739	67.1307	207	437	
4.5	4.75	1	4	4	3	25	35802	21	30074	0.013381	0.00305505	0.0117143	0.0187143	1432.1	271.64	574	2292	
4.5	4.75	2	5	2	3	250	10250	250	10250	0.00471429	0	0.00471429	0.00471429	41	0	41	41	
4.5	4.75	2	6	1	3	202	42216	202	42216	0.00637765	0.00448719	0.00471429	0.0187143	208.99	0.0992559	208	209	
4.75	5	1	4	4	3	24	35802	22	31504	0.0117143	0	0.0117143	0.0117143	1432	0	1432	1432	
4.75	5	2	5	2	3	250	10249	250	10249	0.00471429	0	0.00471429	0.00471429	40.996	0.0632456	40	41	
4.75	5	2	6	1	3	204	42635	205	42844	0.00631916	0.00444409	0.00471429	0.0187143	208.995	0.069843	208	209	
5	5.25	1	3	2	3	2	290	2	290	0.00471429	0	0.00471429	0.00471429	145	164.049	29	261	
5	5.25	1	4	4	3	26	36100	22	30370	0.0117143	0	0.0117143	0.0117143	1380.45	560.875	574	2292	
5	5.25	2	5	2	3	250	10249	250	10249	0.00471429	0	0.00471429	0.00471429	40.996	0.0632456	40	41	
5	5.25	2	6	1	3	202	36393	202	36617	0.00637765	0.00443253	0.00471429	0.0187143	181.272	28.0634	153	209	
5.25	5.5	1	4	4	3	25	35814	23	34666	0.0117143	0	0.0117143	0.0117143	1507.22	629.859	574	2292	
5.25	5.5	2	5	2	3	250	10249	250	10249	0.00471429	0	0.00471429	0.00471429	40.996	0.0632456	40	41	
5.25	5.5	2	6	1	3	202	30905	202	30905	0.00637765	0.00448719	0.00471429	0.0187143	152.995	0.0703598	152	153	
5.5	5.75	1	4	4	3	24	35806	22	32944	0.0117143	0	0.0117143	0.0117143	1497.45	507.192	574	2292	
5.5	5.75	2	5	2	3	250	10249	250	10249	0.00471429	0	0.00471429	0.00471429	40.996	0.0632456	40	41	
5.5	5.75	2	6	1	3	204	31212	203	31059	0.00626601	0.00432252	0.00471429	0.0187143	153	0	153	153	
5.75	6	1	4	4	3	23	35808	15	22344	0.0117143	0	0.0117143	0.0117143	1489.6	509.997	574	2292	
5.75	6	2	5	2	3	14	574	18	738	0.00471429	0	0.00471429	0.00471429	41	0	41	41	
5.75	6	2	6	1	3	212	32436	212	32436	0.005969	0.00376957	0.00471429	0.0187143	153	0	153	153	
6	6.25	1	3	2	3	2	290	2	290	0.00471429	0	0.00471429	0.00471429	145	164.049	29	261	
6	6.25	1	4	4	3	23	36098	19	29796	0.0117143	0	0.0117143	0.0117143	1568.21	514.382	574	2292	
6	6.25	2	6	1	3	208	31824	208	31824	0.00612775	0.00411457	0.00471429	0.0187143	153	0	153	153	
6.25	6.5	1	4	4	3	23	35811	14	21772	0.0117143	0	0.0117143	0.0117143	1555.14	569.644	574	2292	
6.25	6.5	2	6	1	3	213	32589	214	32742	0.00595728	0.00375379	0.00471429	0.0187143	153	0	153	153	
6.5	6.75	1	4	4	3	21	35812	16	26930	0.0117143	0	0.0117143	0.0117143	1683.12	590.502	574	2292	
6.5	6.75	2	6	1	3	213	31437	212	31524	0.00590296	0.00372926	0.00471429	0.0187143	148.698	13.7432	105	153	
6.75	7	1	4	4	3	20	34381	11	18338	0.0117143	0	0.0117143	0.0117143	1667.09	570.207	574	2292	
6.75	7	2	6	1	3	221	23203	221	23203	0.00563284	0.00302905	0.00471429	0.0187143	104.991	0.0949138	104	105	
7	7.25	1	3	2	3	1	288	1	288	0.00471429	0	0.00471429	0.00471429	288	0	288	288	
7	7.25	2	4	3	3	15	3491	10	1329	0.00541429	0.00221359	0.00471429	0.0117143	132.9	338.047	26	1095	
7	7.25	2	6	1	3	245	25212	246	25461	0.00488502	0.00153972	0.00471429	0.0187143	103.5	7.29761	61	105	
7.25	7.5	2	4	3	3	154	31476	156	30146	0.00471429	0	0.00471429	0.00471429	193.244	301.215	26	749	
7.25	7.5	2	6	1	3	250	20020	250	19984	0.00471429	0	0.00471429	0.00471429	79.936	16.5809	69	105	
7.5	7.75	2	4	3	3	50	35850	50	35850	0.00471429	0	0.00471429	0.00471429	717	32.3249	685	749	
7.5	7.75	2	6	1	3	250	23548	250	23548	0.00471429	0	0.00471429	0.00471429	94.192	16.5256	69	105	
7.75	8	2	4	3	3	50	35850	50	35850	0.00471429	0	0.00471429	0.00471429	717	32.3249	685	749	
7.75	8	2	6	1	3	250	23550	250	23550	0.00471429	0	0.00471429	0.00471429	94.2	16.5304	69	105	
8	8.25	2	4	3	3	51	36140	51	36140	0.00471429	0	0.00471429	0.00471429	708.627	75.9876	226	749	
8	8.25	2	6	1	3	250	23548	250	23548	0.00471429	0	0.00471429	0.00471429	94.192	16.5256	69	105	
8.25	8.5	2	4	3	3	50	35850	50	35850	0.00471429	0	0.00471429	0.00471429	717	32.3249	685	749	
8.25	8.5	2	6	1	3	250	17118	250	17242	0.00471429	0	0.00471429	0.00471429	68.968	21.0778	41	105	
8.5	8.75	2	4	3	3	50	35850	50	35850	0.00471429	0	0.00471429	0.00471429	717	32.3249	685	749	
8.5	8.75	2	6	1	3	250	14450	250	14450	0.00471429	0	0.00471429	0.00471429	57.8	11.0202	41	65	
8.75	9	2	4	3	3	50	35850	50	35850	0.00471429	0	0.00471429	0.00471429	717	32.3249	685	749	
8.75	9	2	6	1	3	250	14450	250	14450	0.00471429	0	0.00471429	0.00471429	57.8	11.0202	41	65	
9	9.25	1	3	2	3	1	576	1	576	0.00471429	0	0.00471429	0.00471429	576	0	576	576	
9	9.25	2	4	3	3	51	36140	51	36140	0.00498879	0.00196039	0.00471429	0.0187143	708.627	75.9876	226	749	
9	9.25	2	6	1	3	249	14361	249	14361	0.0047424	0.000443607	0.00471429	0.0117143	57.6747	11.0743	41	65	
9.25	9.5	2	4	3	3	50	35850	50	35850	0.00471429	0	0.00471429	0.00471429	717	32.3249	685	749	
9.25	9.5	2	6	1	3	250	14449	250	14449	0.00471429	0	0.00471429	0.00471429	57.796	11.0178	41	65	
9.5	9.75	2	4	3	3	50	35850	50	35850	0.00471429	0	0.00471429	0.00471429	717	32.3249	685	749	
9.5	9.75	2	6	1	3	250	14444	250	14444	0.00471429	0	0.00471429	0.00471429	57.776	11.0067	41	65	
9.75	10	2	4	3	3	50	35850	50	35850	0.00471429	0	0.00471429	0.00471429	717	32.3249	685	749	
9.75	10	2	6	1	3	250	14449	250	14449	0.00471429	0	0.00471429	0.00471429	57.796	11.0265	40	65	
